1677848
8005
14871
9082
1844
7966
6546
2473
4590
15090
6442
14810
8066
1920
5787
14762
11610
7209
8087
10701
8779
8443
2321
12818
13565
1976
7489
10568
14957
11367
8923
15015
364
795
2082
1348
10197
11295
7941
12168
7052
14650
1804
11917
7216
9021
9102
2160
10473
12546
9113
1996
2454
7689
756
10812
1679
14034
2115
4845
2652
8089
11447
905
3458
3822
1890
10146
397
11956
11644
7065
3479
3809
7743
4461
14732
8589
14757
7656
6216
5908
11995
2352
6855
4901
4324
1071
5252
14398
1501
6720
5534
8644
10247
7159
8594
4591
13089
11090
3755
10145
6291
291
9195
295
14770
12729
12662
4575
3717
4069
6332
3548
13988
11843
10430
8412
4443
14991
4326
1226
4886
4478
1815
4268
6559
359
11827
6763
9244
3987
10149
1451
1798
12313
4659
12296
4333
1788
9130
11538
2136
7787
9872
9158
284
5857
5833
8112
12821
2219
8898
14228
3634
10310
3453
11943
3543
2203
15091
1072
12131
13670
1372
7283
5793
3904
3751
3897
5829
3933
13024
8514
9289
10639
11292
8947
12834
5836
4622
14787
7272
12762
10161
6232
1367
1227
2118
8013
14006
8097
5806
1322
10466
12772
11196
10489
1356
2340
8018
2114
13915
15006
2753
4844
1233
12221
1122
3431
2289
3003
11857
4851
12472
10201
14772
4828
721
7067
4161
7570
4437
10683
1299
1535
10365
7917
1043
14774
14689
1846
3404
15088
2284
11253
10128
10156
959
11992
1373
6735
4663
14635
14544
1779
9353
4263
9002
13299
8031
3402
4904
12845
4661
7102
5393
10155
4664
13725
11977
3949
9177
5355
11312
14513
5353
3478
320
14482
10725
2782
9090
1975
7686
9148
8040
8413
8699
4436
13427
7790
5951
2932
13260
13261
5091
6243
13661
8241
6906
7194
10429
14977
11297
11323
8552
1334
10116
4156
5639
11068
66
8014
13716
318
6407
15033
7039
67
5467
776
9053
10556
13426
7902
7044
14959
15030
13283
8684
6446
4573
11366
7156
10181
13174
3842
8571
4243
537
12277
7363
1252
15034
1029
2066
11494
11613
7954
4202
10576
1684
255
14432
2731
5591
11645
13325
10714
10678
10168
13159
6886
4133
13475
7802
6718
4608
10539
7080
10481
263
9081
10122
9507
7274
4594
7252
6454
13627
7912
6553
827
2570
12544
8060
13346
91
2330
7415
11454
823
1567
14411
3817
10548
15026
10490
93
14877
2499
6864
11023
10230
7259
824
4490
8204
1326
3980
4385
774
1997
7370
14364
4707
5316
4484
9229
5466
4235
9957
2286
7676
1132
8210
6335
11057
4821
2261
6532
4542
1522
6885
3101
6377
5134
10396
12279
8035
660
10724
13220
11646
12361
11653
257
9316
12947
86
4153
12196
13290
14262
11228
11719
10541
14357
4075
12887
10822
3462
13821
730
1946
9157
14054
4580
2741
876
12177
5711
8731
3403
13805
14649
7234
13238
3650
12316
4613
7585
9338
13289
639
10963
11407
10386
7485
12702
13236
5098
13321
3100
9059
4387
12934
9506
794
6266
799
2377
87
4733
12356
5870
8084
4715
10761
14679
6474
8672
5240
4556
3099
6416
4619
11496
4386
12116
8901
12048
13953
8080
843
2277
14675
1926
3528
12340
6745
11272
4900
4293
1135
4872
13600
8092
14914
779
14013
7608
6995
2103
6866
13628
1629
8438
10527
13980
7264
12880
8777
6619
771
209
12937
5898
13997
12842
15085
4372
4438
10117
6751
14652
12158
10308
12210
8042
199
1449
2272
2193
1845
2724
8098
10413
10953
698
1407
10218
2795
10152
12020
3863
4998
10108
13234
12317
6973
1390
6019
8015
2746
14651
6436
13104
9215
2769
11181
7109
4635
11223
6892
8929
6703
7488
6762
5882
12768
5984
11501
10745
15014
11851
3645
4113
5135
3020
7268
919
131
7478
7233
9500
4247
1069
12362
2791
6484
12339
7320
6856
2830
10123
11115
9626
10403
13889
1594
704
1713
200
8683
1861
7598
4435
14785
5971
13275
9501
13003
12030
3818
848
8838
5080
5081
2264
7219
4445
13350
4546
11919
7816
5792
6982
6981
6902
12418
14263
11536
8046
11744
12732
12894
4563
12043
14338
10964
8379
813
10886
5290
14912
5330
8700
12790
690
5070
14317
6759
4640
4524
1354
11258
7207
6825
4584
13571
4637
10400
4568
11193
702
8366
11761
13144
11056
9246
8057
7901
11927
4647
11158
8474
4507
10131
1477
1109
5113
14051
6911
9066
10828
13696
7942
4633
2111
4609
2348
2387
5874
3833
13611
8834
13107
13106
11417
13545
10371
4502
8184
2333
11224
8761
2299
10141
13991
4653
4439
15009
3838
810
8529
930
4595
1389
14994
609
5769
4648
2676
14636
5978
999
7089
8039
11740
6270
13638
11368
10961
2101
7586
7392
4213
4227
10312
10618
10331
12954
782
4315
8036
13433
10723
3397
8037
14690
9318
4599
8024
6464
13981
7270
10294
1746
212
4237
4148
7710
9498
965
4299
8043
6278
3886
12916
2380
9204
12977
1341
13080
1138
2418
781
11146
988
6725
13103
14409
9088
1502
4491
4497
3855
7430
1801
12092
9601
7482
1911
7516
5868
5672
8055
2876
438
11869
7190
6329
7195
4882
7015
14447
5099
14808
1862
2332
5810
516
14727
7154
3295
1472
14264
10883
1859
1614
12624
4192
10054
819
5075
11688
5065
390
5362
8767
13443
4615
6742
5302
13263
10522
10309
10919
3083
1462
13011
1592
7271
3085
12230
6922
1173
1984
807
5275
5399
1237
7387
5304
8126
4617
6743
1507
3104
10615
261
9153
7298
12228
9139
5171
5176
5550
5892
14049
6307
2085
9094
11278
1910
14267
2758
6365
2649
5294
13266
14638
6955
10069
14213
5102
13481
2921
5114
1621
8316
461
6279
973
5137
12232
12753
14597
2722
3936
8305
13101
831
1777
45
789
14673
5104
10627
8367
13701
10955
8070
11650
11429
9020
13179
2250
2255
1500
8954
13267
9083
4960
12622
4239
14970
12811
5622
11194
260
6253
8971
1219
13605
10905
791
14245
2446
8435
815
1150
3134
12924
6652
14344
13665
3894
14847
13257
3887
4232
11517
3390
9959
327
10824
12427
1301
8920
14485
1028
5471
3443
3016
14814
5115
2875
12171
4029
12914
14813
12578
8053
1419
14443
13439
3149
832
566
14332
9920
10658
11268
12953
12462
7337
1530
2663
2246
3401
3079
7397
5427
808
11878
1027
2151
13780
7251
8009
14878
8034
7655
10506
4320
15004
398
12023
6709
13162
5314
6766
1536
7049
8050
3841
9253
7690
4576
10426
13967
514
11864
7481
2221
996
14151
14647
1685
4565
2409
12933
10216
10613
10487
8999
7317
8212
1386
8440
12656
3066
7682
3896
5713
14799
4350
13295
14786
8047
6231
6468
2308
5673
6334
13347
13653
13124
14798
5303
11414
2294
2610
7416
4931
1130
10428
9089
8187
4240
2244
8596
10535
4654
7112
4395
10523
15011
8810
8678
760
14286
10786
3883
6463
2279
7135
1366
10801
703
4878
8219
7897
7316
5372
14756
10974
6731
7081
6802
5949
13383
7837
4655
6835
13672
4822
678
7588
10612
14272
14242
924
11529
11528
14850
6400
13986
12878
7257
13613
6247
5241
9535
4198
972
1675
6990
792
4261
13614
12029
7284
2606
11976
4451
4915
2388
13616
7018
2313
13649
6519
11940
1408
1900
6761
4657
8519
7263
4620
7254
4114
10528
11974
12659
13343
8496
12385
13085
12764
7116
3651
4397
4030
10480
3421
11487
196
1172
6545
14538
5315
1317
1377
4394
6933
5539
2138
10126
7773
2713
3834
3692
11296
13063
1557
11288
14882
2761
7309
778
11922
13339
1319
6486
9078
10655
3606
12830
8741
7085
12094
1660
15081
4877
842
13911
14918
6347
3537
14960
12100
8615
7333
11225
14318
14876
4813
2173
2485
8105
6824
14919
7864
11012
14920
5351
2496
780
6876
7854
6533
859
8515
4768
4149
12191
13657
4506
11416
916
13890
5526
14852
10643
7742
6466
14874
7391
2072
4217
14881
9515
202
9292
7070
2325
13930
6418
7923
2426
3895
1850
14870
1933
9319
10323
14973
11955
5914
10820
12898
7951
11137
4698
11016
12804
11980
14681
7368
7138
7059
2290
9048
12647
3476
12289
14024
5822
12502
14783
4880
12002
4853
4296
10728
767
4416
8905
1918
3885
4356
811
2065
8726
7788
4956
12307
10222
13791
1624
13996
13677
3761
4271
6841
4112
12371
5825
2739
12236
821
8945
14884
13651
3898
11245
3874
14493
6566
4370
14277
2234
12803
7221
8211
10546
13824
3446
7680
1853
1154
6467
2349
13029
5036
7870
6950
2451
1032
6597
7801
1020
11020
10169
12264
10975
4560
6723
13769
10110
8073
6583
2081
10645
8320
5799
10526
3580
1776
8725
9534
993
14873
13972
6337
8903
4008
1755
11358
14891
2393
11760
6857
15053
13666
1971
8595
2594
10486
8666
1446
12648
4812
14869
8209
14853
10792
9489
1059
10138
4143
7189
11077
5834
4896
10140
2406
3477
4508
1311
11092
14967
6094
10137
6518
1123
13447
2155
8158
13410
2033
11530
14237
360
11220
11652
9485
5350
7968
15003
3438
8798
14777
4193
5852
7995
6971
4073
1208
14790
6935
4873
8473
13801
4338
10364
10500
10699
4191
10390
785
14323
4207
6740
14962
4611
2929
11941
10695
10176
8149
804
2834
6721
2256
5848
5480
4636
11619
1583
2982
9861
14215
6176
9424
5786
2665
6749
4629
12207
2745
2719
2780
10091
5037
9568
11348
6058
12943
878
3136
13459
3281
249
6201
1688
3015
826
904
12088
13823
4456
8239
10942
12945
12944
3680
10651
6953
3243
13635
12336
2199
7605
14751
4650
10594
725
13631
2306
4426
1720
14018
9877
14045
9499
1480
3951
7899
3380
12238
2604
14063
11021
5705
3304
5737
921
966
3000
10659
6488
3337
14067
4462
1432
3535
14429
13577
1951
11594
5044
9162
14053
13595
30
4945
4558
8430
6267
11525
8517
5608
2164
2210
2656
7694
13963
11351
6883
1566
2707
15041
2099
13632
8214
1009
10465
6275
6261
12459
11473
8580
8581
1912
11401
10147
1035
13384
1808
12669
6227
7285
9187
11217
7301
14265
6912
2307
10180
12333
6250
1712
12172
14992
3187
14442
3330
1022
3881
6870
6213
5997
13412
12573
14654
14557
8054
11703
11994
13009
1270
14198
2390
6032
961
5280
2253
12761
1243
12597
7442
8599
13010
4528
1456
1875
6262
11680
6263
3523
11978
4979
12832
5804
9182
6845
416
11570
5188
6238
7856
543
4311
1124
5778
11966
274
12126
5631
6081
13931
6754
4645
2993
13440
11705
11743
12716
6710
11628
697
10599
6345
8955
8706
6153
1904
13688
13728
12231
7855
6477
5414
147
11695
14305
6369
9150
7110
1066
5917
6968
3884
5855
1300
1963
8556
2572
12017
4457
11121
754
3282
2812
6954
8516
10019
2576
3416
11924
7763
9240
11403
1167
3935
7990
13810
7185
12208
7994
5749
1752
7131
11294
3546
4147
10104
1848
6249
6355
13658
303
4897
8064
3538
6557
11571
1242
6505
8362
11028
2143
10501
6957
6730
13695
10641
7798
981
8156
12625
2281
265
14605
6251
687
14980
14581
6366
6867
5809
9146
382
5847
917
6248
769
11105
6123
2612
9075
5117
6311
8051
8444
13008
75
11240
10560
12346
4140
13597
7255
14410
12736
11521
1778
12192
354
10040
13407
13918
4115
1223
8402
1581
2502
11622
9133
14663
5109
9753
12551
13513
3067
11651
3296
4965
5708
901
7324
78
12733
4616
2353
11961
13812
14320
13790
13478
5865
7466
8821
8419
7616
5607
2463
2902
10187
6118
7345
12430
11683
5807
148
5149
5599
2478
12332
14365
2845
2423
4552
1142
3131
9585
4110
11580
10167
7319
12246
7607
2005
13449
1800
14028
3002
14439
9502
34
2126
5074
14596
14483
3432
13932
1523
13694
6679
14362
65
5378
7474
6670
13641
1346
8792
13149
23
10098
7805
1735
12906
14394
11033
3166
12097
8307
1817
460
3175
57
12915
12068
12000
9164
846
12948
12987
6675
2800
5138
10517
4586
3869
2383
7659
11108
10029
14807
4453
14546
13030
5439
1676
10994
10024
6677
14361
1950
13756
5988
10074
10803
12500
5195
1486
4952
3107
14990
5283
350
12197
12282
2372
11532
1737
9904
2858
145
5889
414
7362
5409
10014
4720
3179
2063
5261
7082
3334
9958
5626
5087
2792
5341
2371
3647
7303
3439
1748
798
5145
72
6738
4607
5078
5397
11666
11302
5411
1600
1790
5412
9166
12461
11888
3510
13594
7515
12757
12419
6368
7665
13660
14728
5068
11599
10807
5883
388
8738
889
383
9603
1350
5974
9165
8631
4870
12737
4836
2657
60
5885
12575
2766
7012
3174
4204
1362
5535
12469
6589
5986
14351
1641
10030
1503
8701
5632
3573
14816
14848
525
8762
14354
1703
14648
6534
8836
7945
5819
14594
11805
5775
2721
7981
10188
12389
7898
5430
10470
8392
4460
5854
13027
10631
8704
5349
9522
10928
9494
1784
12600
8106
9960
797
1635
1504
4652
13974
3037
3084
9594
1548
12039
13219
4222
509
14416
11575
14525
3527
10629
9910
11270
12806
10586
1590
1806
413
5181
5123
14435
3816
572
5675
4992
14044
7678
9621
6389
9909
14595
6696
5434
322
3082
10603
5187
9566
13012
339
6511
13822
8952
6198
9905
12911
12372
6033
6491
12892
5152
11821
5182
1240
4706
10105
434
2954
14010
9263
7158
7982
2248
7473
1376
11720
11431
11144
8576
8742
3551
1447
13059
11824
4501
12438
5755
11918
8825
14029
1546
10796
1835
4567
9024
11737
4734
13034
1458
4598
1540
7493
5305
11027
4254
13280
2273
9025
11618
661
12786
6750
4630
7120
1378
9027
13097
2297
13028
1576
10938
11427
11820
947
6396
12817
13961
7931
9072
13985
1302
1602
6722
11981
1509
6624
806
4680
5941
10458
10409
10482
11684
7230
13806
7597
14670
2622
455
2415
12796
9028
1597
1479
10359
10730
7573
8809
10710
2305
4469
8182
3375
6671
6475
11993
5136
13955
5869
1345
6827
5712
5391
8082
6712
925
10119
13360
4098
7356
12270
8306
10722
10671
6716
2582
11789
3435
6919
12099
5791
974
7200
12608
11925
14632
12670
14252
818
7160
3493
5718
12824
3399
10158
10529
10474
8124
7322
5308
8698
11983
6594
253
2247
12844
12130
9542
9128
4086
10006
3471
13389
9333
10057
7171
8451
10585
28
3459
14336
3142
5256
1677
7210
11742
7822
5900
4967
12240
1608
10016
10632
1553
1954
4656
2283
6760
5904
1307
69
9084
193
11026
1935
11616
12036
10034
10937
3570
7947
6951
8394
190
6726
13109
7174
10095
1731
456
6034
10021
4345
250
14560
2891
801
11063
13472
12712
9604
1547
6600
12919
1670
1433
8735
11388
11871
12893
11592
12442
10596
12773
77
11399
11609
9561
13792
11668
9908
10623
2661
3055
4538
417
14584
13195
5905
7983
13759
2295
2626
6435
1795
6428
10616
8135
5192
7170
10432
9352
3992
10622
12823
12620
3312
9510
12696
12699
14350
2658
4859
7383
11096
4203
14057
8917
6068
522
3665
6030
8132
13035
3544
6241
11542
9923
4794
5244
13435
1450
12923
9612
11615
13252
13402
7967
12992
4330
1796
7041
3862
6049
3536
4874
1555
3398
2067
12274
7999
6215
2314
6031
12035
8075
11790
9108
6084
12815
6714
5243
12373
13032
7470
2923
6265
13949
6235
6297
12925
12452
1526
95
13317
6312
1518
12381
3093
6748
4626
2628
5887
10015
14640
14337
10017
94
6131
13689
923
12456
5179
9590
7007
7939
6304
4313
4314
5710
8083
12594
5740
11629
9569
7849
4719
5103
5141
8554
13916
10022
5896
8381
6239
1490
14058
1638
7328
14373
6453
29
12550
7577
3173
800
12650
11106
13222
7729
12929
3089
529
6052
1623
13547
5891
1598
6862
9351
2249
3860
3146
9228
11141
6713
3734
12989
7885
6411
14260
14353
10709
5733
9557
8998
14639
13574
2821
9965
12922
1554
9350
152
8572
9922
14817
14886
7420
14642
5943
4536
9866
7429
1545
10993
1682
1732
12437
13746
2752
1494
173
12884
5209
5208
92
411
5987
9963
12166
8590
10708
9962
14588
3688
14721
1467
1031
3231
13216
13217
2140
3746
3741
12492
796
3110
5076
5739
9611
12040
14358
6288
5100
3135
4957
1692
10516
9955
12997
8085
4305
12198
13995
10569
1060
13235
10036
13969
6226
10818
2142
9954
11687
10394
4973
9495
61
8397
6331
6358
10056
6048
9629
13587
13774
4503
5894
1133
1506
1508
12374
5
975
13125
5106
12655
948
1577
11631
2938
5678
1994
1764
1898
10602
4714
3689
12926
7212
13096
11581
793
9521
14775
14558
4868
11562
530
2899
2537
13747
2479
8294
8295
5395
13324
805
2071
3106
8437
3202
9564
14691
7799
5408
9868
9571
3918
14222
12034
410
121
14258
1990
9929
10033
14818
2382
12921
5746
2627
10111
11636
13084
14339
802
7827
9563
12927
10053
14048
12754
14328
5288
7948
9567
9912
9163
12885
5403
10826
11794
6836
3444
14436
4976
5429
4205
13895
2384
1034
12931
9565
6004
12065
10692
12229
3750
7004
11546
7591
8110
7115
4557
6456
13245
7060
9961
9562
13438
14685
12402
12930
6070
11891
14687
3073
9586
10195
11565
12928
4555
13037
13385
14348
505
10027
10439
13108
6487
3882
14229
13741
14326
12038
5611
5377
5274
9556
14324
12920
10894
14325
3740
9911
14341
1964
1965
14008
3747
7169
6359
9186
9185
11831
10682
1860
1967
11560
7377
7220
2895
52
13588
9154
11475
8765
6837
7203
944
945
5323
6196
8892
1709
9890
7013
7172
8763
7330
2245
9136
4500
7114
12918
3115
7113
1589
14389
931
729
7117
7118
5324
5693
12805
2293
14547
7372
9593
1805
3656
14633
9743
9881
7202
750
4092
968
9199
2088
14575
1948
8638
6918
3681
389
5647
840
4209
13739
6682
1175
5281
8111
5879
8001
11726
1736
7394
2728
3103
7232
7869
898
3553
12682
9875
6096
13962
9581
10073
2228
9578
8573
2108
2711
8617
14812
13959
14281
9198
12536
13960
5371
7455
762
9068
5000
6327
9583
1562
9558
8081
4988
1126
4737
3382
9047
14349
12140
13570
2703
2704
3311
5897
9860
9296
1360
8768
2822
12651
14671
6289
12018
11533
14518
2073
9560
12579
10090
1631
11539
2765
4994
1637
1505
531
5893
8032
5071
14857
13576
12089
3113
1094
6005
5200
13973
9956
10720
14426
6207
13603
1401
14978
3713
14477
4704
3511
13548
14359
683
2907
1482
3769
5605
10719
13758
7847
8740
7491
7929
8470
9595
6578
2928
365
8505
13748
10783
5954
11643
914
8525
13192
3685
352
3800
1254
1019
14385
5105
7669
4063
7390
867
5178
2650
5536
7331
6727
4561
6044
7338
14287
12505
7989
1674
3332
1403
11589
838
381
12161
5540
9223
8766
6097
521
12917
10781
7584
5039
10012
8233
13546
14625
7208
5635
3137
2655
1985
1988
6255
7580
1785
5899
9592
3498
2427
10051
10996
14372
14055
1457
14887
10999
5276
10127
9247
7592
2625
2419
13825
6887
3687
10941
14623
9112
12982
1464
14307
12429
12644
7494
12983
9412
9724
5131
8475
3934
13404
4016
14480
7858
3159
8072
12525
5738
6074
8536
13062
7670
7325
11489
3160
4498
9587
233
7332
11275
1235
9606
5245
8889
12292
454
9580
8061
12278
9966
2334
9903
10788
5521
3990
3322
1606
4145
11699
2709
8290
5066
2793
2162
7589
64
5277
4553
560
9862
8528
11997
5990
12718
14383
9167
11008
11512
9944
11524
12913
12044
10592
6193
3172
9579
10037
3294
5944
11087
3144
7312
14433
14548
6194
4083
13436
4248
9160
7335
5052
3150
7083
6838
897
6376
10795
6187
1391
11000
12932
13757
12589
4076
13626
10918
5293
1559
10657
6026
5097
14888
13428
4223
14061
6585
12838
13772
6558
11015
6192
3982
12487
177
14315
13712
11004
6410
9239
8710
2544
9705
8857
2818
10737
2813
9303
8388
6333
14527
7103
13244
6548
4472
9074
13671
8690
7038
4499
6313
13232
7863
6008
3241
14064
12078
1837
9410
14017
5356
13854
12271
3871
3956
13419
720
185
5538
14833
3310
12813
2
11203
12393
8754
5374
11780
6379
8365
632
9073
1329
2251
12586
6563
5058
11672
9992
11310
527
9725
1891
1343
8904
14609
4755
14612
5266
4966
1647
12275
4342
10549
11255
4109
11946
2534
9413
9726
14593
5361
9520
7487
3487
10372
5132
7486
2243
3009
8337
9990
14033
10320
10540
8332
13445
6568
4744
8096
5148
12323
11269
5531
7614
12298
3307
10873
6587
442
7747
3373
12874
6614
8069
7791
8489
10313
8207
7532
14036
7350
8343
9435
9764
2059
1073
7098
13550
5309
3145
6309
9969
6172
10906
2274
2267
2328
10483
12324
2345
58
13420
3997
6555
13860
11149
11678
5449
6447
6035
7618
15098
332
10330
11710
9180
9684
9393
8532
9487
5671
1783
1993
12412
9437
3519
13578
865
8855
9839
1148
9973
5063
12791
14382
10182
5895
11642
3200
9624
6041
7343
3954
8965
8938
7062
1114
858
6976
11309
4009
331
13897
1224
7183
5939
1514
3484
3274
2880
10550
6171
8469
8606
10677
3031
4127
8369
3328
9814
9455
6470
9471
184
14782
2587
6144
8524
1279
1309
11111
7803
1193
8972
3549
14543
3340
8176
7307
9994
7308
12257
12700
11567
8177
12235
12234
11778
2952
9470
5082
1222
14446
14686
1672
3452
6039
14098
312
2881
8486
9836
5312
9519
1992
745
9034
9210
12262
5520
13904
3545
14144
6790
9974
9141
10988
12657
6375
2824
12176
1937
7028
1277
8897
2402
13564
14961
8426
14088
11507
13896
9453
9810
9061
6681
5642
1144
5798
1076
10196
4056
11129
2644
5609
9652
839
7884
1256
4256
12037
6320
3286
3488
14453
1091
6561
13926
2588
2748
9673
13450
9549
1565
1531
1610
943
9031
7068
9056
11576
5734
2326
3937
6497
8796
13451
5735
13586
11914
13469
1008
5979
6986
5701
13441
6423
7881
9677
1082
6374
3208
7496
8860
1923
14117
4090
3407
2157
4482
7369
6106
14627
6361
8323
5218
13556
2798
3369
5073
14983
3861
6356
1617
2797
3590
1802
8703
14445
8986
10304
11199
7010
4037
6520
8359
3349
7056
13188
8462
953
11035
1742
3854
14071
4172
14016
9341
7191
7123
10324
11492
9859
7978
11378
6556
14219
10414
3023
8499
3877
4105
8894
6384
7921
150
9680
7596
9386
6903
2465
14590
14763
845
6580
8858
13557
6387
11566
976
14167
9474
13598
13554
6907
7340
13853
3497
1542
10035
12517
1763
11014
1652
3790
8577
9516
3395
587
6540
2342
5721
8967
9752
12212
472
12408
1011
6065
7972
10404
1145
9826
9464
11306
3235
5489
6974
1205
12743
1733
4937
7534
2619
14133
6006
2129
3832
5958
2337
12602
13530
5310
5320
4743
9551
4139
9051
3211
4260
5069
5363
239
7444
5654
6186
5964
5902
11676
3957
2191
11659
744
1275
14015
11928
2867
6847
6494
2634
154
1039
8814
11725
2029
5009
7962
9748
9426
3530
5920
2525
513
4875
3129
7811
1134
8480
7926
1655
12457
7706
2969
4477
12409
5444
8642
1287
12348
588
5773
1203
535
14388
7339
14377
5565
4117
3483
2068
10912
7734
6063
9343
9997
5670
3932
6513
1278
1618
13784
7866
3989
5194
7445
9109
5093
7813
11259
4831
1938
4167
10706
10837
2882
14695
3709
634
9638
11266
14699
9344
3563
266
9345
6433
674
9379
11944
8169
8846
9925
3623
9101
2742
7395
2521
5574
9830
5101
1818
3264
11142
323
3666
3961
14355
6786
11897
12468
1318
7161
8686
6300
4163
8162
449
5012
1139
7615
2288
5334
8521
14079
11317
13831
4308
5741
11497
7523
5354
5307
9221
14478
3600
10151
6308
3555
14455
1200
640
663
12683
11813
12410
14941
9804
8636
518
3469
2030
11054
4406
14007
9728
574
8803
6367
9214
3547
5993
3664
4467
5448
7560
7552
13999
4712
651
11801
2012
6023
9620
5754
2547
10225
3819
7241
2986
2857
10443
4061
14509
1293
2963
1280
5225
3531
8448
3221
4072
14724
5383
457
9718
13506
13808
8401
14027
12076
9447
14304
3433
1730
13798
5589
13374
5860
12273
3560
11882
12891
445
11822
8640
4858
8635
8663
8540
2139
12559
277
11343
12694
13528
9797
1081
13668
994
2868
12102
7226
2532
11233
3092
3022
9735
11107
14694
856
13515
8424
13573
13891
13892
11103
5495
12765
1147
12654
14531
5473
12939
5421
3024
12169
9574
1064
927
5416
8447
9818
13490
14767
847
12795
10044
9576
12476
9676
11909
570
11531
11039
12005
4051
2044
9825
3070
517
3363
12976
10694
608
9613
8884
12840
2021
9414
5832
637
11511
11167
5575
5890
14819
11456
4705
4679
12972
612
5447
484
5696
8461
14746
10589
10952
1188
14335
5020
11192
8602
4173
4175
12398
12872
900
11308
14937
2540
4522
13765
942
12567
3386
6314
9115
964
13590
7719
5418
13157
6871
2962
10713
4084
74
7671
1289
2983
4819
9809
8245
11832
14400
2523
129
14953
12952
238
5653
13645
11847
3640
9312
242
4119
11933
12689
11793
5637
1702
3252
12570
11792
10738
13832
14422
4035
5595
2835
10985
10273
7624
12871
3043
8327
11134
5918
7834
6346
10442
5376
3986
5367
13707
14369
11773
7829
2976
13281
4339
11069
12134
12969
1989
8298
2026
10265
13517
6197
12331
13479
577
14173
8385
7558
3162
175
11384
11170
2616
2156
83
4820
9391
13531
4738
2861
14096
8559
7750
12598
2837
14908
10741
1714
862
10784
4022
10951
2848
6668
1695
2833
3126
12778
7545
13663
9695
1281
766
5059
6541
4918
8456
7887
11713
14030
12577
6943
501
5321
2075
2936
5056
241
5649
12888
10246
3684
12661
13927
2006
11935
7882
10511
9649
11527
14935
6894
2674
13158
14794
5250
11032
6934
5759
105
12587
13196
8361
10703
9906
10441
2556
13425
12008
3837
4224
12301
12141
9473
3983
3362
14023
3794
5088
3378
4288
6461
4002
9142
7960
10778
9308
11321
11140
4986
8275
3260
13338
3319
1282
12001
236
12591
3440
5186
7130
14311
9276
2984
3696
2684
2166
11189
8689
3288
3259
14713
6849
7511
11389
6783
4742
1960
8598
14114
342
11876
6685
8811
7807
3400
3132
11667
12185
1886
13894
5726
5126
7236
6929
14269
13041
7509
4846
4781
279
9116
5388
5926
10927
13446
4496
7626
1262
6432
13562
12713
6451
5627
14955
13187
3248
8227
13619
14946
5694
13840
5556
13838
3046
6700
6807
4053
10854
14834
11083
4889
10977
13186
431
5230
1056
9765
13520
7246
3331
11342
4027
10696
14606
12467
2972
13152
1197
1884
125
8168
2430
12105
12463
13729
9575
10544
3038
14619
12090
13818
14294
1054
4423
11209
12128
4494
12975
7005
3622
8068
4057
2539
8560
9799
10508
14470
18
11390
2120
8263
14523
8163
6160
11168
14459
6791
4756
6706
12973
8285
12239
8272
9741
12258
6162
4321
13452
14101
8266
3234
8271
2002
3857
9947
12747
11319
9298
3929
2464
6155
14384
11735
2664
14709
11883
7134
2190
11593
13910
11299
6629
6121
14779
1658
13518
12067
8564
8563
11279
3850
3491
9782
8927
12962
9980
555
2034
55
3227
6630
462
12535
4721
8165
14840
7940
1757
9887
10267
9176
13849
7289
7242
6142
9427
14176
15099
3586
11987
10768
7097
467
2638
8911
7413
4020
1339
12033
9458
2198
12399
5405
483
9714
8312
3705
9857
3916
4095
6659
14662
1969
11041
12474
3981
1199
11214
13042
14108
6090
629
1612
82
11274
10020
38
11248
8664
14406
6217
5130
7411
9174
9124
1236
8795
9856
1241
9006
9275
15108
13837
2840
11315
5664
5269
5326
14517
11912
9007
9005
12518
7888
11931
12104
62
10835
3203
5389
9004
13814
9036
15096
3298
8375
8344
14457
768
3848
9634
7622
11537
2480
14476
13893
9937
10328
6574
1839
12167
3206
5291
2712
12031
5655
14140
1259
4357
17
13828
4455
8802
1807
908
12302
5543
3219
8568
611
5697
8094
1758
8687
9742
3112
6817
4804
12961
9423
4775
11614
545
12797
6801
6452
6349
4752
5024
12272
8166
11152
11172
3213
8887
2466
4669
10087
1745
3598
10836
7841
3812
11080
8708
5410
7510
5438
995
7559
12209
1191
10286
182
15109
7987
3021
1186
1961
7358
14804
1383
6798
7354
14154
1304
2242
5523
1382
852
6787
9248
13214
298
14031
3035
1760
12692
6230
2310
987
14170
12615
2750
4250
8296
11412
6134
3026
8685
13766
6609
1867
10075
1210
7555
10609
8497
4847
9819
7531
2551
9934
5771
8755
3557
8717
10045
8533
188
887
14371
4924
1083
4921
9636
3561
2545
3320
3207
5108
5677
8759
2558
3690
5610
2688
14611
3017
2654
14141
13437
2275
3766
6927
13482
3830
12016
11605
13414
5008
12286
2455
9509
9979
2487
8023
4928
4128
2974
5083
4668
4049
1204
12798
11047
4514
14169
2324
8853
11357
9640
8659
3522
4660
10890
4673
8522
2917
3284
8705
1968
4662
8978
13310
8946
1414
7933
3909
5164
8750
15060
12439
9358
6764
9639
3324
12576
12060
1868
3182
6326
10150
13636
12974
14710
12539
3198
13906
3908
412
1574
3562
2888
4911
14700
12347
14797
12673
8716
14240
3222
7980
1084
127
1196
888
3911
3599
3910
324
6577
13800
3670
6102
12774
3914
128
11114
1285
6666
8789
8340
9932
3912
8944
881
9360
9846
9401
14603
8891
9702
6378
9420
9739
12420
11724
3501
13857
10707
12601
2481
870
9744
186
3915
11543
4024
14835
11438
3427
12145
5730
5319
3953
4923
6137
11127
6493
1308
13100
9630
10734
2631
10867
12216
5285
10920
3025
5823
10907
882
43
4135
2212
8377
9870
1718
6246
7928
12144
6060
883
5339
11840
705
8633
2462
9773
12360
10089
12359
5952
8511
7476
13505
5935
5497
1871
14479
5237
4855
6427
7553
7959
5360
9838
14761
453
9063
9927
4151
2368
6689
9363
10736
13470
3225
9642
1336
6972
2401
861
11444
10840
7173
12482
3632
6079
5640
3514
1116
1023
9704
6688
8370
8500
6693
719
7538
2422
10754
8428
10874
11855
2097
19
12635
2783
9874
10813
13485
7693
5057
3450
229
5687
3798
9098
3652
4970
13749
10348
693
10249
1198
14210
15063
12557
11554
14759
9637
9356
391
466
5980
9864
3907
6143
5301
13775
3127
13919
1922
8170
4134
1292
5682
11410
3556
10756
6536
7142
5203
7783
5758
3216
6528
662
6958
7167
12074
12960
3291
12690
9831
604
3739
14075
13567
9097
11854
13847
4158
9428
6085
576
12284
14129
4417
13878
2079
11125
8896
10407
7830
7462
6036
11895
14128
14134
14115
13683
11433
1671
6024
9077
6388
6025
4
3044
10785
1093
8626
9681
10972
5919
1874
8970
9893
3169
11440
8574
8232
2957
9368
9650
6516
2425
3970
2698
9845
12135
2486
8616
12959
880
2240
14614
3994
5022
5628
6471
1492
7557
9833
9467
10916
10852
489
10165
1578
2632
14150
10971
7877
14230
12886
14087
2514
5299
5838
659
13049
14452
11768
6590
9913
3968
11395
1247
14119
8890
11405
2706
7501
4551
4007
7434
1756
4910
14566
4938
12470
11556
8202
1668
1398
13833
2031
12545
14143
11352
5133
11394
616
631
9588
13273
6011
9400
9703
11809
1537
9817
12425
8378
9631
8760
14120
8313
12400
5688
1669
5359
6531
6931
5415
12122
14166
12225
7449
490
10811
6161
14604
14598
3928
158
12507
407
8879
12503
2271
13909
5459
11942
2889
12154
13867
13830
13984
12882
2346
12247
2629
3086
11005
3217
2458
8222
9666
9707
9402
13313
7984
11601
6499
550
1728
10219
2296
9842
9375
11551
11552
7792
9537
14391
2258
10476
8130
6409
6573
6431
13585
691
1268
14408
6697
7780
8712
1001
10770
13796
11889
408
8934
319
10349
1030
1921
12684
11050
7512
8172
1866
7860
5220
1192
13176
9462
8850
10262
9555
7631
6064
2636
12075
3147
5064
7091
9339
9545
1794
8490
4343
1159
8790
2007
8800
8822
13318
10433
1766
1249
6357
6881
13601
3271
1865
939
3081
1767
8520
9029
12299
7793
8641
314
3591
4487
8784
5548
1331
5184
8331
10870
12499
8714
7342
7784
8093
8137
2666
15018
7040
13457
1873
954
14836
10832
8561
275
5191
12530
6480
11307
967
1667
4231
5888
7497
5969
6877
9411
9181
7237
6522
7238
12395
9942
8962
3786
1201
10787
5358
13544
9982
11173
8174
6627
2529
5263
7844
2461
14793
10764
952
5903
11066
13204
11573
8465
3998
3944
11799
11236
14800
11885
1863
5431
5007
4505
9405
1721
9713
14402
12486
1986
1513
10997
5222
9720
12155
12449
2527
9451
12448
706
12112
9635
9355
8541
13237
6882
6425
11166
949
14832
297
10241
10125
13884
11661
13083
14945
1983
10561
139
11544
9017
2908
2648
1738
1162
6842
13560
8125
12883
6132
14577
14773
13789
4122
11853
144
486
3499
2386
12735
12706
3095
11611
13418
4123
12881
8818
9790
565
5942
9445
5168
2498
13917
2894
1791
11634
8405
2341
13429
1342
12054
2441
8389
1146
8206
10124
7524
9758
9432
6440
11759
8608
10344
4136
4481
14537
3569
2474
864
6610
978
10877
1765
1995
3191
7157
6612
13269
12628
10769
5003
7564
7936
6168
6784
5960
5661
13797
1928
9469
7201
7527
4286
14165
12787
5996
14084
443
5375
11660
5684
7021
7976
8758
1098
4384
7934
3224
13442
14956
8244
7794
8856
13625
4352
2008
1654
6572
14615
8610
10300
9257
6719
10002
10333
310
14665
6066
8931
4760
3040
12118
9717
4447
12509
936
12521
10289
2785
10295
4131
688
8535
6040
4344
11182
11647
12936
2252
13344
6082
6083
14223
7033
5994
526
10484
9987
14958
8990
2500
5306
5265
2589
4144
1813
399
9508
5457
1250
7376
1057
2747
11508
12243
3285
11118
5560
946
3574
12133
11777
2439
3194
13177
6884
6993
13351
10385
8406
7975
11101
3467
13180
10003
11119
8787
13873
13340
7034
4951
12464
5691
3628
10194
10373
9968
5644
11938
1529
5910
5268
11734
6529
13883
8205
7357
10153
11902
5435
743
14969
13664
6173
9865
11893
14550
6420
14035
533
11467
3512
9975
13058
7026
14022
9653
7471
13088
14214
8510
10215
6686
13282
3697
6479
12994
8537
7991
14155
13781
4519
9554
9220
15087
2285
5478
3969
8178
2457
5616
2444
11264
3336
6133
4101
13133
13004
8048
2062
9274
11920
1165
10716
5645
10900
3437
5468
7988
8991
1131
1694
1939
5296
1052
4405
5955
8491
8778
153
14631
12305
1823
6550
8713
9850
5509
9479
4021
5443
13620
13742
6694
5553
12366
8141
11210
9659
9374
3065
9399
14551
7640
12180
5205
9697
4319
3077
11856
11084
9547
5953
2490
1263
2280
1831
1980
11100
1463
10
27
8371
3097
9548
4129
8960
9824
13178
8301
11568
1699
1177
9280
10085
11729
3754
12538
11553
12965
10605
8478
6112
3205
7569
11833
8959
11471
12073
1607
13783
3196
11469
2531
893
8509
10825
13901
13421
4786
13709
10563
5576
11049
11466
6769
4062
8203
1353
6687
5938
13869
11953
4511
1832
9943
2568
2823
254
3783
7181
5519
7402
12268
5450
3675
11235
11387
5010
7646
5331
1049
1115
3581
8539
13137
11450
2893
10869
10268
126
7022
2970
7300
5169
3338
11685
6013
13809
10608
5433
12693
1473
8963
4150
10830
8336
13153
11451
10684
244
899
14207
3133
11555
5981
5646
9837
3394
6283
1599
9454
3572
9279
9812
10849
7016
11330
11452
7106
3601
9972
12966
3367
14122
3283
12129
8138
12750
10693
7380
9644
8624
5552
11464
5513
11657
14316
5476
12681
12012
3962
5396
11819
13348
12756
6363
10070
6496
5665
11640
11873
10071
12287
14001
7958
14592
6136
4340
9212
3190
3515
5685
13868
3105
7621
5641
8881
11442
7651
9803
10316
11135
2146
13856
13132
10226
5716
5714
9616
11060
10871
7069
14451
1209
11852
13908
6898
4033
7477
1819
7353
11283
6344
4694
6774
14601
853
15097
289
8351
2520
11034
4796
6814
13928
1603
7155
12147
5617
3209
8026
3518
11907
5666
9602
11430
1987
2266
11741
5211
12540
8100
2533
12093
2327
9793
13753
3261
9446
1385
2630
1454
1265
12387
8880
13858
13874
13708
370
11098
3379
2413
10679
4181
3626
12337
1273
10705
7633
3289
6850
4182
10347
9404
5566
4229
6103
7365
6135
6421
561
9761
12136
6430
9434
13744
2495
9699
783
5462
14564
8609
6413
3262
5524
5525
6895
9926
3326
6897
13929
11267
3541
1430
2058
14395
5027
11018
2903
11561
9314
7351
3608
9035
14095
3618
582
13767
3592
2366
8373
5254
1435
2317
8355
3621
13669
5270
7329
2909
6122
311
8215
8022
8935
7812
11727
9218
11190
2787
12532
300
5689
9256
10878
11558
7166
657
9914
8191
10751
8839
355
12411
6195
6622
3995
3214
12971
14903
7075
13409
1821
3589
5072
13793
9706
10288
4044
7859
12132
14138
3674
1426
219
13637
4724
6777
3671
14938
957
11404
5728
7623
6293
14716
6450
3348
13836
6441
6537
1261
3178
13523
11899
9137
12846
5707
14492
2577
8318
601
7944
4048
3843
8190
11013
2829
481
11671
12739
3063
1231
9915
8906
1297
7290
10718
689
14152
3582
3201
12397
9331
270
4541
14708
2918
2869
11242
8951
8730
6285
14495
9118
669
9770
626
9205
13208
5338
3771
14554
8702
14157
11448
7685
4040
2569
7036
8669
465
8254
12170
5407
2841
13596
6111
14444
14863
10279
6185
3045
6342
6932
10922
10275
13947
14137
12909
2926
7862
2432
4390
6444
4341
1753
6896
9888
9252
6603
9484
8826
9916
8349
9665
12771
7247
14895
10253
4876
2150
1622
7630
12071
8326
643
12351
6012
9012
5255
4919
9924
679
13497
594
9882
9008
3258
2864
14142
3090
9821
7606
13502
3539
5311
9573
7528
9011
6661
3996
13885
5545
8915
6120
13
940
9816
4690
12726
8926
8224
990
10343
6146
1137
7916
3265
1461
3699
11483
12312
9778
13007
1232
3654
8019
7037
10933
12072
7711
14586
7029
13813
14145
6560
3468
12910
10042
3329
2394
9207
14753
9009
11762
264
9010
970
11043
8542
3189
10991
10285
12483
7756
3188
5839
13352
2056
1313
6330
5260
1409
9935
8723
9030
2831
4337
13382
7302
6649
13964
10356
13843
102
3496
7629
12710
13848
2431
14112
11904
5911
220
5600
2956
1428
12404
8151
10948
4418
106
3931
10013
14111
12401
288
2100
2350
3839
9622
5498
336
3840
1527
11341
9325
12631
5015
5648
10697
4554
1298
749
3975
2686
2715
11901
15022
2343
11277
13704
12957
3158
5956
3376
5034
13829
10263
12233
736
3698
2701
12010
4164
8002
1155
2696
180
11696
11738
645
641
9978
10065
12188
6429
11584
21
11583
7521
10077
1940
1942
12413
6087
6015
11011
7741
11002
6515
14536
393
10936
9719
7544
2826
9930
9996
9940
1038
4004
9582
9698
14947
1181
12678
5761
5185
8835
5219
3525
9851
14734
4935
5972
7548
12022
100
3566
9747
3204
1484
2820
3292
5129
6945
8696
13507
11550
13095
13333
11989
12003
3130
1207
14565
4936
12403
13862
12327
3653
12052
12213
7344
3767
5763
12053
9287
8432
12080
6616
8153
3343
11097
5442
6554
8194
13094
3148
10987
13713
8226
13474
4371
1488
2995
722
3168
11048
3583
6426
11445
11010
14159
14885
11582
13722
6099
1693
8479
11641
2873
12432
14672
480
8507
3657
4916
2405
5578
4201
11564
11559
4903
3825
13703
3033
3721
7922
1533
4422
13431
14883
14125
4278
11025
5503
2239
5695
4984
11548
11812
7683
13227
5643
1725
1888
12664
6684
9776
5959
14415
13584
13241
3457
1086
6073
13240
4975
13393
3775
14235
11910
11952
113
1453
9179
1955
3058
10666
14448
694
757
12968
8895
12637
1519
10257
2967
617
5156
3290
5364
1977
9138
8861
502
11796
559
2915
3526
11638
3013
14110
7932
1253
11406
14666
6415
8189
11506
13065
14475
14948
5231
12009
8350
12709
6159
4488
11009
12179
5170
14072
649
8924
7526
119
2643
13876
7507
7250
5844
6830
2933
12899
2433
8000
6280
1962
3851
9885
3849
10838
7025
13422
13456
2269
8390
12775
5001
6129
3743
3240
7398
7122
9553
14019
1424
7824
14194
12378
11673
5461
20
9225
346
1423
4842
13114
8372
9823
8246
1079
11502
3706
5313
2362
5963
10767
11797
13841
13720
14735
1018
738
732
14139
1012
3787
14780
511
2854
313
2839
13536
4909
3540
14514
6113
11045
6941
6003
2994
1524
11603
2804
6419
2803
13486
11046
287
3279
5441
7419
1246
11665
12377
12376
6158
7092
8464
5843
10047
10284
13826
11602
8557
12777
12151
7610
1894
9208
8848
5796
5454
10094
12416
1422
12789
9995
12752
159
10649
8769
12407
11053
4377
5621
13093
1370
14879
1626
6014
2670
1780
13681
584
13394
13002
3972
6125
3184
8845
1
13732
3004
3156
13400
8847
7003
3707
1166
6170
714
10949
8157
6948
2920
10845
1872
1487
2396
135
12506
747
2801
11070
14864
12261
5232
4926
2827
13368
2375
2339
9385
15021
11350
13682
2516
14216
3772
4362
14069
2367
14116
10739
5229
9751
9625
8558
132
12853
14607
13642
5555
9189
3866
10281
4336
12566
673
6016
3242
1163
9188
2434
6997
4420
4684
3704
9619
13499
9658
6926
14250
14290
10357
2374
214
103
761
10846
2852
13455
13956
10775
1255
1476
32
10370
13552
12015
7760
14599
10934
1050
170
14158
491
290
11371
14233
6360
4863
12963
13629
9806
1943
1944
35
11273
3614
12785
6218
3096
10670
6043
9249
16
8667
5567
11663
9687
3287
4234
7634
6092
1427
5563
828
3327
3
9721
6936
12725
4066
286
9019
14094
5925
14360
7979
345
672
3974
7218
4132
12949
11498
2675
1444
7556
13880
12066
8932
12998
11441
2828
12549
140
7985
13785
10055
3048
4259
11770
3299
5348
1511
3865
98
14949
5201
123
11798
5679
9607
6665
5928
14126
1305
2436
10093
7675
4392
11191
14346
9038
14466
4854
8842
5837
2720
578
2363
9042
8487
7346
5494
1045
1337
11679
168
8411
8886
5247
15105
3138
10779
7547
13514
9734
5228
13535
13580
1152
164
12211
13205
9938
575
167
658
6148
675
682
6708
7724
7587
4544
14744
1434
11262
8267
13496
739
681
14419
325
13388
3350
5618
12063
7456
6067
9737
6878
13516
4389
6765
9762
14076
1388
6938
8481
6699
3710
56
10229
5880
6138
7222
3831
11739
97
9686
2329
3372
41
12357
307
3229
12061
12970
9869
10254
2919
9800
5202
8199
39
285
8639
11031
8477
12703
11841
10525
2942
11711
14109
3230
3991
13387
8764
6271
7375
11971
4429
7057
2879
6151
14717
14396
12199
5508
347
10107
14434
14127
10193
5826
1425
11339
10189
12006
267
12059
12064
5802
6613
384
10862
11333
14330
10672
2526
13581
12004
4473
14555
3504
5762
13127
13679
10562
12173
10208
6502
7373
6093
7355
1913
6259
13762
13495
3795
2397
6393
10041
12810
1195
6145
2009
1089
12809
8279
11370
1230
6501
8347
4041
14334
9760
11036
10278
6175
2927
3768
115
13534
7071
14510
4893
9690
13543
5046
7500
2518
317
14486
1889
13934
12967
2825
6551
1153
10096
14310
10968
2001
1316
6130
8618
14172
8159
4835
11207
4082
6184
406
13957
5458
9976
5336
7839
9775
14121
12783
9811
742
9733
9813
3524
1521
9936
12490
5629
10282
3034
9069
11385
4262
7668
12201
5945
11360
11037
3815
12091
5042
10485
7576
12719
14512
873
11604
615
13491
9643
3339
3434
3888
4431
8643
7188
13907
6204
977
1190
600
10206
6086
375
4963
12405
6909
4807
11776
9941
3303
9646
12070
8925
12206
13453
11051
9805
12516
2940
6045
9701
10425
2842
12227
1099
13401
3455
10381
1013
12629
3919
7076
10325
4403
9288
10566
4850
734
12859
11626
6078
2941
4032
14748
8885
3371
6939
13777
7672
7125
11335
13067
676
4206
13761
10858
4480
3853
671
2519
11484
13987
14390
13599
5927
10072
11600
1856
5715
9763
2944
532
3465
1828
557
4745
11662
13721
12428
10553
11044
12766
11282
7002
6174
8578
5233
11800
3521
591
10748
9110
11243
11523
9633
1649
3552
875
9647
6591
10913
11425
6157
358
11881
10688
11908
1006
1296
8283
872
644
10296
110
3668
11459
13076
10245
7525
6621
3708
14795
13794
12996
10115
13284
2132
9632
13285
12981
12355
13591
1024
4391
13423
12634
4458
8303
13541
11772
452
3629
1087
2133
4864
1696
10509
11085
589
5048
12007
4516
11334
3151
536
13395
735
4199
8771
6676
15059
13606
4454
4959
10579
5784
10081
9111
13046
9692
13503
8871
9792
13526
6445
4532
9953
2980
10554
4043
4121
165
3152
3804
8171
1048
2236
5259
11185
13667
14082
8265
5604
6287
10238
5811
10859
6117
5554
10172
12146
6638
162
7088
3405
5016
2877
9183
3880
6183
13500
459
3463
6663
10355
3507
8268
10412
379
3595
10163
10066
14712
9123
8775
5050
3676
8322
7403
4954
15055
14740
474
482
11369
8961
5729
8345
13952
8773
7438
1877
6625
14000
3641
1051
3053
9667
3226
1402
13924
7660
6177
1876
3594
5817
12731
2855
1824
4427
3636
10258
10681
2911
3030
14020
546
11866
328
5742
2937
10321
12223
9855
6596
259
13369
13408
6680
3449
12995
3177
3879
13519
5061
13231
2014
8407
3154
2018
6481
306
9282
10909
10211
3253
14862
8647
2924
5258
11905
3413
11081
3872
11635
4074
63
3788
8256
10908
12391
8183
432
2985
11355
6302
2509
10264
10460
13342
10986
13014
14936
8276
12611
5017
6637
6328
12390
14660
12896
3239
8180
6994
868
568
4512
11344
6654
595
10377
13113
11426
9200
9119
9755
13501
14068
5239
12480
1704
9286
6233
13864
11186
3803
14683
13230
9236
13207
11373
6071
1929
13201
11522
10159
3810
9998
4961
2934
1169
104
134
7243
5760
13687
14572
96
3806
2939
528
6091
14618
10028
1897
13902
9766
10088
13903
10307
7364
8200
4375
2538
7965
9466
14253
10455
14715
9362
7152
48
3323
3236
221
7379
7269
3967
13684
13623
1883
12174
9822
5368
343
14905
8534
8833
13242
3238
10346
9463
9369
7950
9651
14865
1415
11921
2935
9261
8329
13494
4023
14576
13077
13392
10424
9749
13045
7074
13866
451
6284
13524
3892
10860
6634
4955
12501
10780
8173
11569
2680
13047
6152
12738
5827
9190
733
281
13686
13206
2878
1826
3864
3823
14107
5845
11340
10269
9820
13730
473
8164
3111
107
14778
11237
3965
8201
541
10861
6449
14081
6448
6956
1016
1854
13816
5849
10393
10255
11712
4055
404
12032
7435
2947
10397
109
13239
10823
7475
1184
7224
8429
13169
5923
8888
3088
9559
2949
166
2076
13025
12152
1355
5699
8127
3505
15010
8665
14664
5216
2530
7530
4917
8383
701
12489
9459
468
10686
9891
12318
9057
7401
7636
4894
1870
1185
6989
6075
13881
3098
6402
10967
9933
4925
111
5921
4197
14600
2809
5045
2000
11178
6286
2061
9121
14458
11222
1722
2373
7198
2863
13933
138
1706
10252
11503
6664
3215
13888
99
764
13559
13146
8893
15005
7436
3513
13569
2542
15095
7366
262
13680
15094
1251
14314
7529
3140
14208
1534
5455
40
5962
534
3829
4067
9293
503
12583
2470
7304
4081
4674
8570
11707
8630
8270
13398
10687
8604
386
2550
12776
6408
9777
3244
12488
10080
14803
7168
7562
101
114
2084
8458
8459
989
7323
5246
13483
13373
5912
14347
7499
2922
9798
6656
6579
544
14608
10018
9783
13525
1879
6109
2506
13819
765
269
6628
6535
2435
3275
6639
3470
10354
1539
9439
5337
1070
13022
11300
12723
3263
4946
9858
2844
13476
8623
1182
14004
11686
475
4860
9808
13532
3139
8916
11337
2950
4515
9902
9668
3218
7533
8582
8324
12150
2027
25
6042
11890
12606
6107
12293
6108
13705
956
14191
10256
5922
9062
3064
9104
13468
1340
2700
941
1724
1107
1474
751
5445
4104
5474
553
15050
12991
5297
8973
2552
9058
1541
7506
14367
3078
3490
12011
3486
2404
7461
2810
2541
14711
12802
8695
14488
13021
13527
6662
11059
13905
8280
8160
8918
14040
136
8727
8694
5774
10882
2370
9543
2904
3587
329
1306
5122
6047
3797
10079
14743
14236
10427
8393
5032
9919
2951
3682
14130
14643
4054
11162
2948
13529
14026
508
14370
5298
4221
4930
395
884
2043
14473
5502
519
7720
1878
4080
14563
2168
9664
9756
6110
680
6163
2511
9309
2504
4944
8878
855
7422
12951
8262
11677
9791
3964
2872
10753
2042
11814
2011
8269
13646
13768
8843
10434
37
4486
5698
7977
13430
2238
4034
9771
14515
3161
4996
7454
14521
8264
9216
13288
11400
3529
7604
372
2025
7739
11474
14105
1827
2507
4732
11232
5329
10224
9140
14573
8625
14747
8484
14089
9993
8907
5213
12
12508
8
4012
11212
10345
5744
3091
14188
137
13151
10277
2559
8423
8261
13330
10135
12458
8709
11704
2660
14218
13001
11179
7396
8752
2270
1885
6364
2672
446
8498
9746
4003
10669
9450
8317
2015
10947
9700
11244
9120
1040
2946
8968
2083
3050
3852
14386
6149
4765
3270
13723
8877
10276
9310
9
1189
12353
13272
14500
6635
11234
5505
7467
5223
13117
11455
6527
6100
3325
10113
5398
1002
7310
2442
9532
10297
10244
12415
556
10205
10805
7484
14940
10806
8357
13115
2023
6383
5924
14754
2816
1849
5797
11839
11038
3195
2846
3693
11838
3474
12907
8940
12121
12083
13778
12697
1421
1825
9531
10841
13851
13827
14944
3428
8567
7970
12609
7027
10742
10472
13652
7014
11549
10212
9230
14556
6054
8646
5172
5011
10743
448
3420
14464
10966
1743
14714
14467
549
271
1096
14266
2671
13066
784
9327
9827
8613
6917
224
4991
13140
11722
10261
500
12941
8729
11052
10266
80
10668
477
10214
3963
7321
8185
9184
3237
869
8468
8776
7611
11499
3464
12847
6673
12679
10144
1493
112
9794
12858
6167
9478
12107
1100
24
4374
4428
2361
8531
9928
8228
12767
10335
81
8770
9365
5420
492
4459
11898
14963
13199
11500
10217
11088
3703
5638
4432
5013
10290
8353
9295
5776
11563
4419
12534
3631
7826
15106
7385
10804
11086
6640
3212
11926
6150
11896
6057
7348
11658
6626
1294
14897
11424
10166
13078
3955
1429
1416
871
7946
7349
2717
415
435
5851
9234
3308
3824
420
4183
13786
10198
14533
2127
2128
11432
11082
4424
6992
1315
8597
14904
13274
12014
11155
10395
12613
9238
9264
12125
240
12106
4941
4179
13118
9832
9422
2512
14582
13147
11215
11988
13871
13315
14097
12580
11985
3313
13815
4011
10353
8772
13724
13882
3564
10366
10559
3565
13154
12808
9311
268
14086
11748
10315
6165
7703
12999
13286
10280
14291
8104
3357
8221
14106
6998
11868
5650
3922
5006
12964
13685
3667
4425
10492
12113
10143
6644
14569
10990
7205
3220
3718
3793
14450
3417
13225
716
8144
9106
571
11990
12263
13172
5700
13171
5777
11749
441
7023
13875
7684
8648
10177
8281
13852
10567
9301
2871
1639
8950
8398
3489
13982
14090
1244
4318
564
8284
14629
9171
13300
5624
5144
9129
5346
874
2892
8620
4159
6051
8619
4078
4953
3167
12328
12522
6647
6127
7266
6543
6482
13270
9307
12524
3300
6650
11766
13750
10479
2202
11863
10185
494
6959
2901
9235
6115
1257
141
7554
6483
13561
340
10444
326
7239
5785
13622
10306
1015
9260
1095
12297
2369
12319
10148
8115
1707
2513
11040
302
8605
9669
6977
7679
5437
12612
2395
6615
13945
1445
5674
36
2992
10422
13229
10673
2028
9049
1025
3344
5289
5615
13139
4471
6611
937
1005
8840
3702
161
10581
10456
2035
14579
222
9931
3183
5417
5510
5118
10431
14100
3356
5651
13755
5153
13624
9202
10341
1151
9829
5620
4404
14192
6089
2890
6813
9277
5561
2914
10468
737
8675
1869
7446
8292
13579
12513
3250
1916
2687
6371
5493
12069
11208
11380
7522
9278
11867
12392
6648
10856
10067
7627
3485
12120
14241
12095
10793
11311
1927
6405
12058
12672
9618
3813
15035
9645
11364
338
2089
12321
13618
10573
13381
9738
5537
520
14153
4717
5588
11211
5401
5492
5224
3585
10314
7286
2943
7712
14469
14123
6641
10499
2847
13509
14471
4301
10462
84
13820
10327
5886
14796
13200
6473
8167
7267
6915
13533
8020
7287
12610
8277
4421
12593
11419
4950
10493
12114
11656
5379
8867
14180
12515
14950
3940
1291
14196
13361
558
14859
11201
8278
6646
10810
10809
3905
11485
14423
5345
13362
3451
5753
2603
9722
12115
7024
7709
12267
8957
1014
5656
13467
4264
1357
4291
3939
2571
13247
3925
8653
11313
10989
2364
6547
4942
7101
12082
3958
4816
2768
10329
11932
1483
13336
1384
10062
10452
13209
2870
4085
2989
9710
9897
13542
8231
7697
10772
50
8841
586
12445
10755
7382
14301
3254
8258
14722
1711
5486
4929
11945
11730
9322
14275
7055
418
13224
13223
7998
1026
13335
9727
12027
10983
495
10773
2975
7667
13863
10179
10367
11206
14499
11151
11418
11870
14295
11322
12904
11979
909
3076
3429
4827
8909
5092
13020
8780
8849
0
6851
2112
2973
1338
12498
14506
6301
3249
376
1085
12117
4848
10715
10383
3247
1708
11113
13082
9847
5096
712
6962
4856
6295
11825
11596
12685
425
9448
4788
12860
8346
8587
4094
366
3781
2222
12245
2194
9126
2218
9789
8250
3125
14012
4839
15111
7943
11785
488
1101
932
7546
1395
120
15075
2055
6062
7737
715
9661
12617
6166
5659
14742
9376
2223
6631
11606
7717
5162
7833
11877
14491
7404
14178
14461
2220
12382
4981
14503
15070
5154
13168
1171
54
2678
5968
6222
493
3984
8418
4353
13136
1842
12816
9378
6223
9241
6711
51
2054
6552
14177
2562
3027
6800
5423
3228
506
4829
3411
8457
9880
1698
5800
11681
7702
1593
4840
14828
1470
13865
14684
4351
11804
15072
7199
5863
4774
11649
4517
13639
2734
5490
13194
2965
4093
11670
13944
11791
2615
5472
13019
11964
14449
9265
3412
14765
3952
5614
7542
8229
11110
10374
7227
10917
11377
374
15045
9415
10376
7664
10876
3584
7874
9443
8634
9788
2624
13726
11612
5300
2566
10259
5049
1371
9950
11326
2452
2449
12254
9209
2090
3711
2147
2679
14979
4736
5365
8908
7746
14103
1121
7399
6782
4805
3210
3844
9772
6623
12571
1640
15092
3655
6818
6810
9796
3619
7465
4789
5062
5842
6816
4803
10847
12252
4380
3352
8223
9597
10995
14999
10763
2450
9232
10893
12341
9688
1202
7204
2565
8734
5558
9449
2174
5592
9370
14186
9654
2047
3639
10839
8966
10776
5913
5485
708
333
11488
9660
10865
10503
2169
6848
9662
2681
5703
11435
10171
2549
9693
8193
12251
9892
10453
11104
775
4346
1274
5295
2646
4349
11188
1595
12426
711
7108
5652
10889
4157
8007
9389
9682
11844
6303
3422
707
2613
6617
11682
12330
10817
15031
231
3971
713
7520
3799
3807
7764
1469
13941
2599
7781
4783
11807
8356
14059
2051
8547
6987
10317
4283
2645
2188
3756
9052
1570
4258
1037
597
9895
724
11286
1214
7427
7708
10251
6960
4304
2226
10136
10887
5636
11607
10059
12183
7751
13464
7964
4381
10731
655
7146
10545
10447
10726
13191
12581
12889
2677
7956
10448
4463
14199
10633
12253
7386
14174
10061
7974
4769
7744
7688
6808
4784
1751
3620
4735
12217
423
3516
14541
10945
11845
1941
4309
4701
7549
12822
5385
12902
5282
10729
5867
2960
7452
11382
10415
9317
7384
1119
10580
11859
1295
11936
10405
2046
10685
10759
13462
11329
2389
13354
9227
3920
4230
10521
10574
9065
6964
7963
14203
13461
8688
2172
12182
6861
4949
833
14182
1903
8434
8549
6805
15043
11280
4015
6704
3041
4697
5683
1710
9600
7561
7053
9398
4702
8592
8117
10646
6820
866
2580
4778
9691
14549
11089
12734
14099
14077
12447
11746
6691
2216
14104
2224
6775
7495
7567
4792
2807
9294
9977
13040
3724
2853
7058
13842
9193
9132
11437
9431
9757
2971
7718
12255
12541
5026
4790
13938
6306
10097
8049
5150
9951
1125
5732
8628
15038
2886
9802
14656
5663
2557
2561
10052
7695
4999
2447
7282
4267
6244
11913
6601
216
1108
10946
4740
5506
12841
9663
9377
10063
2859
7905
5522
1284
12446
2448
10850
8463
6946
8251
11771
4137
7281
4596
15044
2421
6395
8820
11490
6910
13163
424
9359
2476
6210
9512
5966
1212
9357
11320
7903
9302
6746
10178
12424
14202
11493
7093
633
3828
7163
14204
9538
1611
7144
10868
13662
11074
2338
13069
10614
4977
12552
13460
13312
12621
7042
10237
12563
7011
4667
3921
14102
3577
8816
7099
6859
718
8851
11230
8913
12555
2010
12111
12556
12276
4605
4464
11781
13298
5040
4571
14758
3744
4592
2596
13376
6264
10491
4559
3593
8912
1496
8981
1775
4518
4577
4865
2180
1747
10744
14220
9335
7568
2475
3796
3039
13714
15019
10408
11079
1739
6604
2137
4610
14080
2292
8652
11706
8862
4602
14456
1774
3624
14854
210
10303
1211
6205
10232
1772
3414
197
10234
13326
2591
9407
198
7731
2116
8188
7574
10380
5199
10914
10735
208
4334
4348
8218
6605
1349
4005
3736
14917
2064
4932
10332
12749
7692
12494
6598
4612
10001
4116
4898
9251
14900
9291
9245
9285
309
8143
14875
321
2998
9250
9107
6741
215
316
9328
14868
12369
6592
10584
9197
14855
13303
6224
14802
2468
12220
3722
11478
2651
9092
7800
8315
5343
400
5180
2392
12730
9155
3808
13311
907
11968
2930
13090
8868
13877
1919
1516
4862
10536
12770
5175
8058
12049
8668
10855
854
10853
5477
282
7279
1351
14815
10733
308
593
11728
1633
9387
5801
3419
2309
7193
14703
12695
7704
1857
5262
13380
13277
12466
2866
12519
3506
7762
14270
251
2987
8242
11422
12493
7479
10488
14976
4642
7772
5090
7774
9219
7127
14928
12827
6874
13950
841
15082
14261
11817
9986
7601
1552
13633
710
7579
4042
3752
8196
3660
8969
5782
12096
13612
9105
2991
8314
1489
5426
12820
5766
1267
1036
11970
4189
11733
8837
11954
14964
11984
1088
7326
7891
11398
2300
1229
8436
4849
13091
14534
7925
12200
14296
14060
11962
933
3694
13212
5662
14066
14319
4103
12850
6873
5840
3901
3900
10821
15028
5948
6595
6348
7754
5533
5425
2931
10235
3649
1820
296
7206
5725
8409
90
1368
1269
12085
7836
1074
4814
8155
12269
14037
11948
2492
11301
6593
2997
12051
14988
14490
9416
14302
4361
9096
3245
14788
11951
8870
2260
9159
13718
11392
4841
8697
5107
1663
10750
10233
647
9087
7459
1067
194
10250
7835
4188
2488
14247
2265
10857
7017
8253
12554
12553
5157
3723
2311
1245
4933
4402
6336
14975
12306
14924
6930
11693
1140
10109
3859
8645
10663
1864
4589
2257
1325
2469
7938
4006
4682
13086
6792
12605
4905
11694
12565
89
3396
9610
10291
11470
1044
14519
7458
8569
14502
3686
12897
14915
12618
11973
4165
1332
13322
4530
12367
8021
6565
14481
8146
9623
2141
13202
4685
13294
6844
14465
6753
8056
3835
7277
12527
7276
5991
8131
11894
10132
8819
7840
14831
6717
8442
11463
5989
15061
8948
12041
4187
4644
6318
10698
4763
13087
11950
6381
8804
13246
13119
12157
4593
7930
5038
3658
1771
9873
8145
8869
4572
12862
10510
2653
1363
7001
4277
14792
7275
206
11055
12835
10287
4639
14688
1978
6521
203
9151
7612
9091
7094
11788
7192
4539
7299
10497
10334
7815
88
4276
1769
7050
14667
4601
2080
2086
12849
9095
10642
8029
8006
2781
2091
8010
4118
6472
6282
2726
4335
11078
2702
10640
6715
834
4658
8504
10242
1917
4275
6539
13413
14841
13844
1580
3846
2206
3811
15029
11757
4562
8030
4603
1283
2093
2196
4323
1810
8101
218
2119
7318
2990
13647
7635
1999
14271
3448
12877
10190
13397
2716
7775
7360
2578
12523
4379
10960
8650
13292
7649
10711
12868
13044
6999
1579
913
9883
4628
4279
11598
2725
9114
8502
11875
7186
10981
14987
3731
7853
4890
6459
9517
10299
11625
4358
13301
13466
12572
7582
6739
5436
4236
731
10010
13327
6901
8660
12165
12865
1525
12744
12288
11692
476
709
2762
6212
5342
4548
4359
4587
12396
4638
6294
6732
5976
8334
13297
3847
6281
3827
6489
6354
9206
4618
2189
7008
4980
6729
7723
2736
6252
9283
14234
10542
1379
7502
12127
6001
14943
6889
4634
14661
10100
1105
12857
1213
15076
6399
9000
10676
10652
2217
10120
3124
4060
12677
9945
10571
1286
1653
9226
11862
6937
7566
6796
2585
13165
11965
10437
10000
7176
6236
5483
12153
4729
4838
14425
7638
5780
5992
7543
4750
1773
12295
12187
4780
3662
11462
368
6832
11745
11421
12124
7505
7051
11504
7795
8325
3509
8876
12485
1741
403
2790
5612
10547
11795
9896
1893
13355
11929
2579
7831
3727
11381
12496
12640
4837
13111
7832
4747
4799
1358
9898
12423
10598
4710
10513
7681
4700
2851
10635
1004
717
8783
9366
14135
2186
2183
10634
2757
10223
3679
10621
1564
13148
7292
10411
1665
6570
4857
14542
13039
2052
5586
7150
10326
6219
3893
1405
8431
9867
14583
2494
14933
10319
13773
7973
7696
11783
928
9003
14843
12632
12633
10369
12224
6221
9342
5580
10477
8400
12875
2633
723
9418
2501
8492
14200
1556
7722
9615
4166
2170
10213
12873
14822
7043
10570
3635
4280
14893
12848
5658
4537
8503
10351
5814
3123
10533
12829
4540
8996
12511
9511
7755
14939
11171
11058
1387
4302
6206
7107
7986
12864
10175
11747
7313
2125
12440
7359
14217
3917
10004
1568
3875
8354
1365
5752
6220
10049
9596
496
5856
8983
9395
8824
7808
2167
4688
2254
8118
14289
8154
4200
6542
12497
3858
12025
6588
8658
4808
8987
1475
1397
2811
15073
11
7880
8936
2107
3683
2045
7231
2699
7229
9045
14867
986
9524
8074
4818
5764
13142
3423
8453
1466
11826
1880
7535
9336
14720
12626
8832
7776
950
440
1369
1460
625
10496
13811
13424
3418
2600
15084
3480
5529
1102
1644
5906
7907
367
12142
6277
10630
2815
7572
10498
4801
2595
9033
3116
2667
14704
13367
3415
14092
4810
12946
15027
13258
15103
938
4400
8152
8395
14397
8004
8449
6860
7439
12641
895
13051
12422
11732
10530
6904
11163
1440
10154
12564
2581
12867
11903
14511
485
8657
14504
850
14698
10494
524
7048
12433
12149
581
11865
13213
14212
4168
7565
5828
8718
15066
7046
8982
7145
14697
7842
700
10831
11608
7913
11200
10467
3725
8830
1310
4489
8910
292
6290
1380
14736
13135
11515
14926
11062
5634
13262
13197
8247
10664
8670
10973
11718
2424
13700
14706
2187
6978
12310
12574
6245
6053
1625
1982
2789
15002
6843
8108
13173
10662
8852
12861
11362
11157
1634
12781
117
10031
3117
6823
10956
2134
7732
11708
10591
3630
8414
10984
7733
10543
2179
4211
14175
10638
2163
4297
8724
12019
4281
4170
13293
14474
10361
7179
10227
9026
7253
10050
12908
12028
1616
9983
4939
12300
13070
8785
7796
991
15067
361
5054
5878
2378
5853
7031
8603
621
6863
14827
8815
7211
1659
4547
11356
4746
3625
4087
1161
12528
7133
7707
8493
8545
6888
11754
2607
2503
2605
10192
1650
5846
9490
12533
12164
10601
12543
15048
7908
11174
5292
4815
4171
10943
10690
11534
15068
5932
10240
11249
14889
11691
2379
982
7513
12561
1786
5831
7121
10512
7180
6833
906
2597
1793
12265
15078
7658
14784
10626
10378
15071
4228
12205
5808
8933
7785
8488
10391
6276
10186
4368
3007
13138
10558
8136
228
4036
1645
10416
334
248
13309
9032
9054
4331
2593
4520
4678
4162
3360
752
1895
622
3559
10514
9046
983
3780
4476
3633
3612
5946
13056
2850
8977
7714
6944
6988
3978
9396
11132
12986
7000
4208
2662
305
7431
3784
4257
2806
13850
10932
10891
4169
14093
9844
14995
2966
9536
14489
3297
3571
13296
5173
10808
13183
9231
14923
1569
7893
4817
6353
9224
1761
2453
5570
10689
14610
11290
7920
8756
13068
4242
7045
14985
7595
4064
14571
237
2961
8656
7599
14929
10379
4300
10438
8386
2400
7519
2799
7550
7428
7409
9364
1327
8216
13181
7440
9242
2205
5584
11858
4797
294
2771
14501
7910
9539
10457
13743
6305
5572
10114
11383
1656
3733
12218
13372
13075
6806
13940
3979
4754
1017
2153
13377
9192
9530
9262
4483
13320
5864
14221
2583
7632
11916
2185
4274
3121
2181
6779
1789
10880
7809
7537
9080
8939
3764
6352
8733
10982
4373
1852
11915
9258
934
3642
7700
14276
12741
4365
11969
12763
7758
6963
9784
8799
11816
14303
9419
7892
7262
12568
7757
1103
5479
9732
5841
7408
3409
10843
2098
7414
9477
14764
13166
6315
9456
7432
6225
10009
8964
10727
9685
3109
5623
8937
1705
12780
9608
11122
12219
7006
14982
8591
13255
15074
9540
14042
4241
2184
4265
1120
8113
422
10199
11123
12671
8736
2515
2149
8252
6984
3889
304
6947
3602
3251
13018
910
5706
7136
2959
13859
12676
5155
10896
5916
12137
2213
436
11479
116
4038
283
7400
3255
1406
13016
15064
5221
7490
14984
12529
10202
12108
2165
12309
7641
4689
5709
6980
7637
10660
10534
1436
10419
7643
8611
14249
14363
13061
15001
3923
7886
9460
5251
2592
15065
8655
8090
11409
2135
4180
11365
8985
2563
1448
1003
11774
421
4474
8774
11293
4843
5704
3257
5482
11091
8649
11930
12250
4058
5030
10134
8654
2225
11030
1399
3368
7448
11957
8829
3554
3361
9475
1664
7761
9730
9417
3605
2560
6164
11477
7197
10058
498
2131
14658
13052
2032
2144
13053
6504
1628
9390
8828
5158
11187
6343
7810
10350
14837
4826
8622
7705
13563
3256
8102
9480
9334
9899
4059
5862
11177
5352
9999
8865
8863
8864
12616
13198
9421
14856
2214
11886
15104
10897
3742
13654
14522
2092
11347
2856
5217
9708
13504
10851
11331
11879
14193
5163
13331
301
15042
13182
5386
5469
11439
6292
12745
6299
8721
9173
4725
8363
13161
2778
13005
8555
10338
9266
12854
7245
14148
11147
6868
6905
11218
11872
6507
12990
3774
427
10388
2862
13522
10173
1106
8399
7699
11136
7035
11923
8854
7412
7935
6692
9918
7924
4284
3579
7334
14043
7644
7453
14986
6822
10112
8921
515
1666
13349
13243
7657
11850
2751
11276
10305
6443
1740
10740
7875
14179
10950
8579
4050
8632
9436
11229
3597
14407
12607
4244
2635
8483
14255
14899
12379
14189
9371
13337
5816
5018
8396
7451
4290
8958
15052
2347
7223
14508
8114
5824
13074
14083
11900
2049
6916
2204
14829
3408
8801
3171
14741
3913
7820
5593
6500
13184
11260
7032
4718
10866
1143
1630
11198
12057
13306
4018
14201
14755
14922
3770
4703
7578
8872
1394
6056
11465
9425
13249
5161
10833
11391
13057
14184
610
5484
7072
12569
7843
13055
3019
10060
8715
11782
1512
1381
13845
1158
5559
2776
12308
5033
3036
4285
13250
10228
2714
5025
11752
8739
4433
13170
3637
14387
11124
8495
10760
5788
1959
13129
8994
11154
11972
11675
122
11453
10606
8661
13226
12592
13356
8546
3966
4212
4686
6770
13492
9655
12260
7851
3663
9409
9989
14989
1170
5327
8728
9299
6789
11849
3186
11169
2694
10903
8586
4751
15025
11153
232
4914
4722
6776
6350
4779
11998
11325
15047
10762
5023
4045
7314
4531
11802
10624
2718
12958
8339
2805
1881
4292
9461
13366
8003
6586
2770
211
11336
1328
12103
11457
562
5551
1892
13740
9917
8364
6607
13038
8445
10084
8161
7952
8148
2601
6812
7603
5094
3607
6422
14427
13480
10101
10274
7782
7715
11482
14725
7164
12950
14132
9397
3988
10454
7590
1033
13364
9689
13465
13357
3826
2230
5947
13582
6188
886
9482
13673
4766
6794
13417
2898
8287
13690
9259
1078
5995
759
9967
10083
3345
10691
5287
6799
4772
2231
14085
9060
2074
7096
4692
6772
13717
12562
9991
3782
12436
11639
11811
4787
179
5253
11073
9541
12836
12156
8627
3233
6564
7846
8691
1973
9429
14570
2945
13943
11130
6660
151
3075
10043
14682
2489
1717
2968
10923
12980
4529
7735
6524
4249
569
14934
13521
9768
11375
335
3977
13072
3293
5328
8585
13071
5212
13328
11112
787
5795
6828
8376
4940
13210
13254
7086
13023
13145
7078
5680
7663
9013
4748
13073
6655
2122
11810
2683
7443
7009
3354
14181
13458
3712
13278
5517
7437
6050
7738
13353
12614
1716
9321
7047
9270
7540
14146
10587
4527
726
10248
4071
12451
9759
9984
9518
2602
1410
10399
14292
11861
10700
12259
4408
7151
11126
6966
7541
1271
9841
13539
6412
4383
5850
12746
8919
5690
6506
1749
14149
10959
11461
1160
14668
3388
426
14677
2567
9849
13540
1442
2564
2048
12110
12421
13538
7753
2227
2357
9840
8544
11238
2639
14657
14404
13735
1104
6780
7992
11624
9731
8273
6961
4771
4412
3924
7872
10863
11846
7736
10298
5183
3273
9201
11669
3745
11468
12354
12724
7536
5174
3305
9134
13112
12520
1882
7752
10531
10848
7315
13512
12139
5669
7713
11133
4727
7759
14171
11842
5257
10099
14866
5387
9267
11775
7748
5139
7890
13510
11934
2860
3762
9729
3072
11436
13167
3845
10758
4176
2022
243
7378
5516
6781
2682
13175
14147
9135
2772
7996
10915
14516
4289
234
15000
10157
8806
6523
6890
2733
7819
8807
2145
13064
2723
10368
10392
4266
11784
9656
8575
13508
13015
12320
11731
15054
10667
4414
2016
8720
2207
11939
3392
7779
7768
10930
11197
15057
11458
7240
7463
3778
1266
12514
10463
1321
1335
6191
7745
665
4052
9570
13228
13378
1744
11213
7594
8025
12691
10842
13120
10495
5344
6214
3576
9203
3938
12334
11328
8651
12794
14520
12751
13899
8282
7165
14187
7244
2019
258
14156
5686
8286
10794
8274
11874
12479
8922
5564
9315
5722
13511
12477
6037
6310
12680
8466
10619
2912
12283
4824
8513
10752
13160
13370
11632
2955
6492
552
8352
12755
11750
11476
5657
13787
9848
2209
3042
1404
5140
13617
5587
14168
1956
4382
1843
1651
10445
8476
7405
1183
11887
5562
3447
8328
4317
6495
8548
8441
5515
2767
9795
9696
155
885
2177
10610
7725
13126
11338
8584
5957
6914
6940
2620
10203
3950
8674
4124
3726
14505
1437
4691
9886
7460
14825
4415
1925
9767
6116
8208
12905
3942
9711
4077
4019
3071
8311
357
9300
10337
12350
2315
6581
10901
11835
5581
14620
9290
9476
4513
13291
2621
12406
3959
4287
10170
5419
12460
8956
4759
12585
1485
8291
2697
429
1312
4962
11183
8831
4367
7771
4411
3613
2197
14696
9946
8107
13006
3508
3735
13942
5736
7625
4366
3272
3176
11911
2124
4013
8976
4409
5499
5812
10243
3143
12062
14041
4892
12193
13390
3759
10270
4399
13948
385
12938
10819
11374
6077
3028
8747
6147
9125
3867
3760
9605
3268
118
13215
7228
3128
13925
353
11095
3926
5446
2241
2608
4723
4108
14655
1220
13251
15023
13358
8746
4369
13434
1498
13371
463
8527
12478
1838
3757
5019
14749
926
10844
13386
13958
5681
4310
10935
14009
1974
3301
758
2036
4413
8949
8501
13143
6821
9269
6657
13268
13555
6831
4802
6815
670
755
12162
3873
12852
5432
14299
14858
13396
14195
4885
5507
10064
13256
4495
2152
14366
7305
11231
8637
5235
1822
1323
5977
3659
14739
4708
13189
9452
5789
13131
4922
11131
962
15
169
2832
11701
12851
4726
6778
14766
9550
5031
6768
4683
4693
6773
13233
14421
5930
11128
8410
11806
8299
5779
6189
1601
4809
245
5723
12190
3533
8866
14039
5491
4709
11986
278
15020
13879
620
6105
2885
450
5428
14428
2195
1062
1290
7551
8583
13444
2201
10271
7095
8142
12863
9233
1118
5745
1515
1157
12792
4713
14256
3341
5198
2836
14136
13122
3779
7503
8368
11491
6341
11906
6351
14880
6701
8794
3032
12653
9161
14003
5470
7508
13498
9675
8260
3578
14752
2884
2053
3342
7288
3346
11420
13128
12189
14613
11834
12123
3517
12993
6811
1812
12687
12138
624
8415
786
6124
14676
4913
13855
8673
9781
653
7619
13211
2611
3638
6602
2693
9852
13589
10292
5464
13698
4364
5982
14830
3482
5451
1063
4068
9324
11505
6088
11093
12491
13861
8433
1065
664
13799
7848
447
2522
3691
4025
1573
5803
9099
14678
4675
5394
5546
2178
9050
14496
4716
2546
2303
11263
879
3728
11697
5830
13493
12942
10272
14257
2077
1080
1587
3960
1734
10086
9879
3941
14692
13706
8310
2517
8485
12588
14113
13558
2410
14468
11359
11265
4014
5382
15016
2883
12109
3716
9901
6390
6392
6391
6852
3520
2472
9037
14951
1855
3157
348
4065
15039
7087
8805
13013
13537
6394
9835
3616
5598
6575
12504
11779
14463
10717
3051
5215
5214
602
6658
9367
1701
4466
187
11257
12079
3456
13471
12021
7498
4830
8817
4000
5937
6695
377
12582
9305
12077
14530
12026
9237
10082
9648
12119
6900
9175
8017
11303
149
8788
12510
8452
8192
3472
4869
2905
863
3820
12431
7949
9514
6503
9513
12638
5110
11664
1947
10888
9843
13803
1413
13568
12453
2331
5340
2355
409
12590
9023
4328
1174
5929
5357
10420
1762
10068
13593
8063
642
53
3387
2614
817
1361
11715
12727
9486
8237
5750
1491
3801
2408
1176
7517
607
13323
7766
5757
4468
2096
6126
3821
6476
13630
76
15008
4964
11655
9354
3163
8979
14745
13736
1759
13971
2484
433
13405
7030
13702
13846
2906
677
3773
13763
5936
3758
1558
15102
9178
6269
4125
4001
14729
10757
6653
341
2874
10620
157
7971
12639
3785
14131
7961
4146
2344
12658
356
3302
2524
2528
5014
1726
2764
10816
5934
13817
9526
14528
1754
12674
11514
9785
9440
9323
14931
10944
13870
12184
5373
10464
12603
5460
5043
108
5717
4793
12793
3445
9527
5751
7563
9528
2416
8341
3155
7770
1991
3729
7406
9271
8707
8992
11281
12705
3927
3473
12214
8711
5333
4111
12675
6080
5381
1814
11305
12215
10625
13733
6182
2978
8198
12441
6140
7175
5579
469
7806
12866
7278
8175
8011
478
9525
4969
3943
178
12704
11689
12708
5151
8358
12285
4225
11379
5511
3672
8882
11354
14733
5112
8300
8235
8238
7187
12315
3080
14659
2358
1697
6061
10704
9694
9577
13655
8732
12364
2849
2414
14628
7716
9921
5370
10607
9444
3385
14091
7260
428
3669
14693
2743
7828
7896
11304
3199
9529
13488
9589
6618
1455
628
5005
5128
2749
12799
960
7426
11314
1646
6920
6338
4982
3059
5004
3347
9641
9361
8543
5512
1234
11510
14231
4867
4138
1127
14532
14340
14585
3999
6169
6007
14356
3118
9779
8467
9273
13839
3062
2690
4971
6059
9384
9678
2744
14306
8745
13913
1113
14932
12707
11434
1411
8797
773
12636
8757
5884
9383
9674
14225
15024
439
6339
3049
9196
12394
5613
5720
5603
6403
181
14630
12314
8989
2087
6179
362
8416
11408
13134
6793
4764
12646
2497
10747
9403
13551
5142
2808
10557
12668
10746
9468
12249
2641
9723
1957
9457
9815
7213
1727
11353
13834
5227
9373
2336
2953
1528
7295
6022
14535
5965
4879
10342
7861
9712
9769
12856
5125
10940
8450
9332
14197
351
7721
5095
11007
1803
2003
4255
13872
9483
9853
9382
9672
2354
6942
11633
636
4430
2412
10774
8360
226
6569
5264
12531
6549
5813
6385
12338
5500
9533
540
13692
14224
26
405
7421
7468
5236
14078
13734
6678
10978
8753
14118
5667
8128
373
8943
7818
1538
8883
2555
394
10969
8213
4920
11585
7019
1007
10879
14206
1833
6690
2738
8551
9617
5514
10604
14552
7054
14454
857
8859
6525
3985
1412
12303
2301
13341
10435
837
14626
5940
42
7617
10875
11139
8899
5756
2705
378
396
9939
6021
14309
2981
3792
14587
12045
5143
12363
6156
2796
5724
85
7817
6674
1010
6373
11003
8374
13771
3276
10921
12414
573
603
7701
2335
7871
9863
6469
1816
13484
11006
605
6965
1532
146
1575
9408
14327
1840
6029
3643
3232
14124
12985
3374
15086
13650
9546
6562
8506
2802
7126
9346
5332
6028
7457
6139
133
6319
9481
3108
1041
896
11256
10565
2685
8751
7423
7613
7727
6923
1046
9871
2060
12450
4958
5597
3246
8538
14821
5318
13621
5206
12560
4089
3192
12148
14861
10931
14288
7248
10092
3181
7852
14622
6009
10644
5067
1673
11637
8052
225
8941
6180
5400
8460
3777
14401
3197
419
12978
3314
8512
8671
12444
654
371
3280
7879
11067
2376
4079
1958
11415
13998
1141
9971
1782
14529
14602
11823
563
3269
5594
6667
7674
471
3503
10352
763
9172
14280
5518
8420
6599
8236
4912
1053
2774
9970
14243
7129
9070
12352
8813
9388
5119
3695
3765
10864
13835
14561
11443
9614
14431
8808
9281
11202
7953
13363
11547
12349
5422
3052
6642
10970
3495
5668
6567
444
1907
14567
13648
11557
9306
3366
10239
2020
11332
2979
3532
10872
9740
9988
14998
8404
3277
7063
3596
5190
14283
14392
1276
5404
13936
4106
12042
9041
1128
12903
3568
174
11143
9834
9671
1112
13802
14578
14211
5702
14412
8482
5204
8900
8321
8812
1585
4100
8562
256
5380
6576
14701
9715
5573
9894
9406
1260
2070
551
9679
5601
1729
10471
5084
3814
3351
14637
1314
3588
1258
8786
6498
13912
11709
5748
8629
12711
3057
8749
2460
6508
3074
14160
2229
9381
12055
5453
4832
183
1149
6643
1615
9272
14540
618
1691
1206
5210
1809
5055
156
851
2037
8875
14378
7341
8225
2159
11287
3604
5021
3603
7749
8380
2483
8304
14826
11519
1544
10106
7740
14524
1549
1632
580
230
627
11767
5970
2429
7336
7654
6380
13699
638
7927
6017
8028
5606
2491
3315
10504
590
1495
10023
963
10008
1303
8439
11175
6669
1953
12526
3185
5590
5456
652
7687
9907
504
5747
11808
13643
4907
12720
1215
14313
5053
1550
13644
11587
13977
902
5146
5530
10998
7407
13782
9889
3193
894
7876
14232
14284
13487
5933
12163
4995
5452
14379
14644
1393
5488
2121
2710
13946
8071
14293
1047
6398
1459
5085
70
2754
12294
3383
13081
10011
4152
619
646
2553
5619
606
7786
4993
4017
5167
7997
14352
13900
1636
11064
143
1117
3946
684
10582
3321
2154
3890
4711
2640
14507
14580
891
13406
2964
2755
3389
816
4316
2171
13693
3165
2109
741
13609
7957
2543
12715
5873
9170
2291
7652
6010
8289
12759
7653
10597
1792
12760
10665
13788
5413
10815
14375
2493
2735
2459
835
3678
14073
13604
790
6633
727
13411
13983
10628
12782
10204
1591
12956
8134
8446
12345
12599
14484
13993
8257
746
12159
5249
3870
3391
5189
1931
5998
5999
5602
2637
4978
10962
4985
3609
1443
68
5692
2999
4492
4126
4972
12098
3318
1906
7857
14050
2040
6181
7425
5111
5406
11261
3948
14259
12558
630
6020
8523
7514
10406
380
11145
822
12222
3878
9313
6069
7865
12801
12667
11150
5278
11246
2727
9496
1248
7765
3333
7367
12826
7581
10814
14702
11481
507
4997
14860
5197
5866
12984
635
890
5571
7850
8059
10423
14417
10236
8607
10449
11099
8103
1899
5284
585
1930
79
9754
12237
5392
5541
9430
9584
7518
8387
12584
9505
499
5547
5077
3153
5286
1420
5582
11518
2175
3012
777
11001
1836
6000
2176
2817
8234
14056
5051
6632
10184
5875
2482
8062
3306
5907
7673
13954
3014
3018
7105
596
7381
14617
3381
3646
2381
142
46
5120
14791
7361
9213
12242
176
650
1400
5002
12226
6372
9591
6490
14849
1238
4096
5207
3060
5727
10032
692
3029
14568
4142
598
14497
2148
12047
227
11545
11721
3068
1657
15058
14413
648
623
5528
14769
11393
11019
15107
12384
1396
14185
6325
2896
2788
13079
1481
9147
1077
12688
10892
4887
4154
4174
7371
12322
9750
11252
14768
1418
7100
12194
2843
13760
4295
11271
1609
9544
8781
5124
33
9493
2730
6317
3730
6651
402
8308
11446
11241
3661
11617
2038
12728
13415
13141
1264
11975
11184
7677
14842
8139
2996
2508
12178
11413
7162
6386
8122
10939
5322
14368
1417
14574
1164
7628
1719
1700
14801
6672
14616
6055
3481
13036
14070
1689
5901
1288
4687
9304
5248
1723
6683
4046
9433
11396
2443
4070
10829
13738
14916
6584
6788
12454
11460
14559
6362
10911
337
2237
3006
877
6027
6767
5226
1272
6382
7128
5577
3973
3550
1110
8309
3278
12335
10260
13731
6530
8422
3309
14074
14183
4695
11884
11698
1887
3617
3410
13316
14239
11723
2471
3442
7666
5596
13951
2617
4800
3976
14487
4681
2913
7235
13770
6514
2535
12380
5384
14952
5983
7662
5881
2618
1194
1970
12890
3005
5583
5060
8997
2838
6404
7472
9981
9380
9670
3454
8844
4269
1520
4388
6975
9736
13553
8471
5931
3748
12455
14820
1111
1979
7077
7878
6771
13307
12742
12800
7814
8140
6829
1643
13887
12940
3094
9787
7769
5871
10564
11716
3753
6517
1344
9683
9392
4762
3069
14621
4987
6128
3355
4895
8342
4871
14718
5731
5496
5544
6819
4806
14312
9572
12979
12701
13575
14562
5465
5086
510
4272
13454
11346
12758
11156
12814
4888
3738
171
12784
5193
13287
5504
1905
12665
7620
1216
10231
11397
9320
5166
6104
9442
392
11327
985
12495
13017
6952
3061
11376
6038
1324
2123
14440
235
13329
13221
13130
13992
14345
1468
7447
5041
6747
11574
464
12879
2407
5335
1000
12386
8612
10790
14297
2323
2779
6119
12623
13610
14021
11829
7388
5569
2318
470
15017
2319
11247
2351
13719
695
6072
349
2536
3010
11769
47
10103
4927
13779
9948
12434
6141
6268
935
4091
13432
11250
14589
13634
5542
2356
1129
11654
10039
8091
1945
11017
5973
22
1478
5347
14285
4099
11758
14824
13659
6
599
4363
7389
8123
13914
12241
5279
685
5877
2004
3056
5242
7767
3558
2708
6698
9949
2192
11516
7661
13608
14238
12181
44
11204
11022
4120
11588
2958
13203
836
6254
13026
14393
10007
2095
6178
14011
8417
13754
1661
14737
2398
14669
10926
5271
12291
13592
2438
3384
6893
11996
2259
13403
11982
5743
809
13710
12473
1934
13970
14781
5390
5121
8230
8791
160
10046
14062
13477
3011
14805
2925
217
344
6758
10924
13968
1605
12087
273
728
12935
7450
10038
1178
2590
14227
1221
3001
4196
3575
1847
2094
12101
13271
13264
4632
11480
15079
4026
10375
7492
9497
14052
9191
7915
5790
10732
9268
12645
5267
7919
479
1572
13489
14776
13033
2916
14342
3335
4578
6744
10221
4974
4676
7182
14846
10005
5975
892
523
5079
9330
3008
12086
4625
3141
9503
4545
7177
5549
11148
14065
5147
10588
14046
9040
12649
666
4047
11042
753
8427
10648
686
2554
14047
5272
5234
3903
3737
11623
2158
5035
11880
4564
14591
14545
3789
8942
6002
10904
3267
3170
9284
14472
13473
12619
276
12988
1627
4475
11109
14424
5557
4773
12365
14209
11535
955
6095
3715
14894
4028
5325
10421
5273
13737
3047
14738
1582
14553
5463
73
5366
984
6879
8220
13607
1228
8679
12342
369
4347
14624
3763
5475
11117
7
10121
8744
11717
1662
6928
2302
9127
5165
12417
12855
14750
5967
8793
4758
14403
992
11361
6526
699
12748
971
11345
592
4884
12202
4252
4968
1061
12475
9807
14343
10076
14025
6645
3460
5909
13308
9657
9372
3776
1239
6608
6417
11071
4510
13939
11702
7698
2411
6921
4770
6797
3087
9952
4947
8217
5127
3393
2078
9438
9774
11372
14526
9523
3930
6913
10702
2887
14634
11597
567
6875
2050
8681
4549
6785
8980
3542
613
4741
5196
12537
13048
12484
668
497
10910
2865
9465
9828
3567
14405
8335
15062
9441
9786
387
13572
12788
5487
6809
11999
5501
9745
4785
5861
4791
8874
6190
7147
7593
2182
6256
7280
9156
4329
6257
6258
4761
13050
7909
4434
10469
13054
2695
2692
5029
6979
14806
10283
2897
8873
11848
2102
14399
15051
7642
11714
14
2211
6234
10515
9039
14376
2117
8995
4739
6949
7823
13923
1896
13164
3353
7294
10749
12248
4178
614
11120
59
2200
12435
5568
5481
5660
10389
6512
12547
8984
8109
2584
4253
8403
12627
4782
7137
8550
8914
10827
13359
14906
2732
10980
10538
512
10537
3424
8008
1092
4798
487
4550
3122
10183
11674
4696
14418
11411
15101
7873
1438
11205
3316
3364
6707
5028
12686
10078
10436
4493
4795
6846
8988
130
6804
1156
1588
10118
13043
10340
14420
7845
12604
8099
2013
11386
1441
7639
8677
3180
539
5915
7777
4777
3791
13185
951
9900
8676
10398
12807
4699
3902
13764
8255
5159
6891
10656
11755
6705
4728
11161
8095
9043
10600
8259
7265
4246
7539
8600
3615
2609
11751
7293
3673
10636
15110
4184
14462
14414
6924
6858
7883
7306
15069
10410
1690
7374
12370
10992
10590
4533
4753
11180
10771
7895
2024
8119
3720
13898
15049
15100
3266
5961
6985
4891
11138
4757
6991
13253
583
14254
9878
4749
2365
11756
2041
10834
13000
12831
13463
8288
14190
7417
1543
11102
10451
12443
12630
8928
4731
5821
14038
4446
9067
13116
14308
2440
13305
13155
7124
4444
14942
4088
12383
5160
2215
71
14380
2777
8421
10025
7911
4273
12812
4534
4097
8494
14374
10524
7648
11937
3365
4360
10382
3700
748
7504
4177
124
12666
6462
9001
13697
8455
14723
11363
1604
2673
7441
14430
7993
11316
10721
11251
554
10048
4767
929
11736
1924
3359
4355
5402
5238
9709
5369
9964
13416
3317
1750
10899
11967
11094
6076
1596
11072
9780
11540
9801
11065
1179
172
8693
13727
437
6370
3945
8993
11960
5585
14996
7904
3906
3436
10026
11324
3223
11160
12652
12024
9854
10595
814
9044
7418
11630
4730
12779
13123
13966
7410
5719
9018
11892
14909
11520
1620
4130
2598
3494
912
6869
3677
14993
11318
3714
2642
14381
9329
2668
8975
13920
7906
4306
6967
2910
4535
14705
2900
10301
8133
542
401
4677
8508
6983
4776
14823
7914
2647
2161
4039
14438
13304
4219
12869
911
189
11621
11620
8408
2773
3644
430
10593
14205
14331
458
4641
6752
4107
330
4899
6101
1090
4543
10363
10191
7571
10505
538
10418
1218
14726
6803
13345
14896
8565
14844
2775
2689
2467
7918
1715
13935
4233
3947
8041
10532
2691
2316
7645
7327
13615
6439
9016
1936
15007
14707
10302
8722
11700
2428
1998
10799
4393
12870
13150
7249
14839
8027
5858
3719
12663
13375
14921
13921
8662
14966
7894
5676
1981
7825
14974
8782
4906
9628
5815
7691
1180
6324
8120
14968
10572
1584
10417
2586
12839
2359
11289
9015
4521
10979
8382
6274
6273
14460
9131
11765
980
14273
4401
12698
4186
1932
15012
6969
1915
2759
11349
4282
10802
10800
10957
5818
2623
2763
10798
8150
12013
10133
13379
6458
15040
11219
13674
1431
14268
14771
4566
10661
2548
8088
3648
12084
740
8076
9064
7900
8719
7258
969
8038
4990
1571
1042
4823
8902
7602
6826
10617
6737
4606
12304
12837
9609
10898
14646
10475
3377
6538
1058
12203
12266
4303
9985
6316
4410
15077
2017
11763
10358
7143
11753
10647
656
10502
13302
4195
14002
3120
8827
3370
1952
14901
7583
12329
1359
12204
9884
7433
5772
1551
14226
14954
8823
7821
12828
11958
14498
6970
7575
2262
6114
6098
5440
8425
14441
10895
4407
14274
5805
8249
11787
11061
12311
9552
13937
5835
9349
13804
7804
6209
5872
12900
2794
11949
4378
11959
11648
14789
8012
7020
9217
6872
4825
9211
6323
11239
2399
9394
280
8195
2304
11947
3461
2510
8319
14282
7178
1613
7889
3891
9152
10654
1908
7084
2268
9491
5177
11076
13332
788
9348
6544
15083
3466
3611
3610
1068
11423
8147
5424
9076
2575
11029
14641
8067
1909
9347
1619
191
2445
11764
9340
9472
7868
1830
2282
2104
9716
4332
7073
10782
4294
1768
1642
11837
11075
10551
4470
9079
8953
7600
8566
10653
3164
1352
3492
2069
1563
1560
11627
10797
11513
3114
903
11815
6340
12186
9297
3475
2110
3993
4194
14279
13248
10293
2420
7139
4597
1392
10362
4238
2298
13314
11690
4298
6272
4325
6733
14322
11291
2360
11836
6582
14898
3358
13319
8248
8974
14300
14872
14925
1681
1770
3119
10518
1914
3425
13448
8302
4327
2977
10461
9085
3406
11595
4581
12195
2278
3426
11991
13965
10174
10220
10102
4834
1471
13218
3534
12596
4672
7111
12465
9143
13098
7937
9255
4833
3430
1055
4983
4943
7066
4449
12481
11195
12050
5630
2659
8472
14971
14760
4811
9254
12256
2312
299
14892
8240
8588
696
6795
14927
14321
7132
6424
4569
4322
13676
7296
4861
12833
5089
13715
2039
13265
1375
820
2403
1168
11165
13092
6880
6229
14005
3868
8129
5625
1680
9194
12717
3802
315
4226
2233
14730
3805
6756
9326
13566
7090
363
8743
10209
4651
6757
5859
1374
11176
1333
2105
13099
5876
4665
201
14851
8186
7196
7483
10555
6736
4574
8243
8680
7064
4623
4570
6437
11803
13259
4579
7480
3441
14981
6322
6702
13602
7609
1678
1781
11284
6899
14494
1686
10311
8682
1330
15036
14719
13365
9337
9169
13979
4190
11486
2988
6242
4010
12642
1851
9014
4649
272
4452
4525
12343
6237
12081
1136
11509
3732
15032
1510
10578
12160
11578
2760
12512
9055
10459
8384
7789
8077
4624
6728
11830
10712
4504
6925
4908
6240
1683
770
6406
2320
14163
4479
13776
9168
8518
7726
4621
5985
14539
8601
10885
1648
14913
920
14653
12825
829
9145
6414
4509
2417
4270
998
13399
7184
11828
213
2235
10360
6465
13711
9022
12740
7214
7140
6199
9149
830
4307
2057
5820
5783
13121
13583
918
8530
11963
13640
13795
9222
7650
6840
293
2322
14910
13549
13994
915
1829
12895
3502
4220
4666
8065
13886
10401
10925
6296
12955
4671
8333
13989
10387
14032
4631
13110
2276
13190
7728
207
10929
8179
4354
7273
4441
12471
8391
1586
4214
5781
7838
9103
7141
246
11579
4215
4881
10519
13391
11164
10884
14731
4526
11116
6200
844
12643
4883
2784
4102
12175
8116
5633
204
13976
13656
4398
9086
8748
6865
13745
5770
7867
2574
7217
7464
2263
1787
5765
4670
8197
7347
13675
5950
2130
7079
10881
958
14930
4031
7955
2573
4312
7424
13060
8526
2505
14248
9093
6457
205
9599
12388
8181
4852
10200
4245
6203
6853
12368
7730
13922
8614
4588
4376
11159
8016
10777
13691
10507
1901
8454
6397
1517
1966
7647
3500
8330
14965
14811
6606
12326
1075
2729
12143
15056
4585
547
14674
1225
6202
14890
8348
1347
11227
5047
9492
14298
14845
4396
6208
3701
11860
8553
14246
10976
4216
3876
12901
252
11221
11591
6996
31
15037
10336
10339
803
7291
3856
1811
7149
6434
13807
6211
7104
4141
11254
8121
8044
10162
14278
4450
5527
4465
15046
4614
2385
812
14329
11449
3749
12325
2669
10139
12375
13102
8297
12912
10446
9071
10577
8086
11495
6018
10318
1021
1858
14997
6460
5532
12819
4582
12548
2287
8338
10650
6854
13276
14907
2208
3836
14251
7256
7393
1187
14902
1320
13978
15093
9243
15089
9122
4989
6620
10766
7119
14333
6298
1217
9117
10674
10210
192
1497
1364
7215
6154
11226
10958
849
7225
14645
12660
6260
10791
7153
11818
247
6438
6401
10160
10637
6321
10207
13678
1097
8737
6755
4210
4160
548
8033
4251
10583
14437
860
13990
14972
11402
12721
6485
7297
9144
1972
10142
12280
6478
13751
772
6724
11590
5317
10902
5116
10965
5794
579
825
49
1465
9504
3102
7352
12595
7148
11298
10129
10384
15013
1799
979
12056
11428
8621
8078
4646
2740
11285
10164
12769
4583
4600
1834
14162
6908
5767
2232
1561
8930
14680
8045
1499
13031
10552
1949
4948
1452
4902
4155
11577
7261
5768
11472
12876
14161
7797
10789
10322
2477
9100
10478
13975
4627
12281
13105
9488
7778
4866
2106
7311
195
10520
2819
6510
6571
1797
997
6734
8692
11216
10440
12714
13193
4604
11541
10954
2113
1841
163
8293
12046
2437
4218
14911
7061
13156
9627
922
14014
2456
12358
4485
12542
14244
6636
4448
4440
4185
9598
14809
2391
12344
11572
6834
10611
14838
7969
13279
11586
13752
2814
10675
10402
6839
4523
10130
1902
2737
13334
7469
1687
1439
4442
2786
667
6509
6046
3054
12290
11786
10765
14164
8593
9876
3627
11024
6228
12722
8079
12843
223
4934
10680
2756
11526
10450
15080
4643
3899
6455
12244
10575